37150
30317
81021
37634
25967
36540
70234
4432
7541
42866
89947
82698
9169
33630
78822
18956
13833
52594
82933
85257
70558
34166
24338
56431
13760
45623
36953
24077
10922
31042
58378
26248
43450
2562
43794
48139
65926
94892
51656
3554
94936
6736
47250
51309
84884
57917
44992
97700
22703
2675
81002
26852
18405
35710
33307
53914
77765
29317
78898
85377
69104
71328
6710
27969
17202
55158
56480
12289
38982
45527
12981
93662
27818
14745
32771
56331
8401
7691
57269
3939
57097
66305
37902
18697
55636
1100
32119
69758
4707
62340
91266
92554
34364
8498
67440
9546
42551
4699
81407
16840
88198
55430
2948
71495
39241
28431
60952
11683
32232
83514
35764
41271
14567
37939
26961
31291
1653
10926
51660
98205
39521
98850
13561
77048
74981
54856
65644
48306
72054
17785
686
30766
53996
15290
74718
11960
64022
29699
3186
75430
28449
58061
9682
39274
67022
98497
22234
98036
79847
95497
95051
36385
36911
65933
67903
51155
64920
96694
70583
52321
94880
5978
83792
65310
69663
31222
99198
34382
56068
72753
43508
16259
29329
7709
50854
97872
98169
56113
98471
32080
12927
16573
82022
57858
69329
84056
31933
91555
65612
16596
8558
97101
18431
60691
83755
98404
51409
91492
48609
24968
80977
30272
51797
54316
10532
19986
34759
83844
28640
55280
59173
53561
81576
46627
20128
37945
27879
76498
28631
84095
23861
40581
26146
5982
32581
78023
45818
9352
26689
16051
81503
80116
53976
95486
95510
19390
15980
44048
35873
99964
94416
70583
74287
96177
95288
49529
81831
56234
53324
98161
85669
14948
39351
18786
25220
90412
44172
7665
82318
51037
38155
7359
63985
69204
39176
25824
73257
88021
97473
29492
74819
92515
14171
71261
97188
44732
77833
3011
85647
13268
50736
90343
96415
88686
14002
97855
78033
3124
77360
60872
52491
82858
78132
6386
55166
55228
89576
42466
45560
70060
65101
8658
19390
29365
29378
46525
85826
11143
44022
23543
21554
35429
84914
17984
55026
11702
88348
74966
5262
48936
1383
9914
61563
70649
8643
21745
86956
41885
92880
74385
35851
47364
23121
41985
37901
76466
59415
89609
6816
96656
31881
56639
8239
43872
99021
18831
77829
7493
44124
26074
43559
48797
55538
54142
44680
21287
451
75163
53025
1561
95920
69122
5337
86530
25453
71470
78197
62607
32942
39324
18559
37430
79857
94033
38462
2983
30252
19740
49489
11903
12235
88339
66780
15658
6236
55763
62432
54456
944
88219
93596
86872
10143
76995
27626
36857
81760
20146
16126
39754
12603
95802
29015
46714
36009
6617
84759
58163
27884
16885
50175
77692
25962
35718
10449
41513
57856
70477
56386
31753
43449
9815
72070
51596
67601
55511
97921
84124
93861
93430
26333
43131
77431
99106
32531
88818
52605
81309
83626
87998
76779
67900
37657
69135
94376
65937
18025
22203
37771
80558
80016
25163
93346
50827
10764
93219
57260
19212
82189
31883
3969
30006
78276
67087
46223
22068
45139
73201
82034
41173
56516
81662
69096
21529
54831
55869
52799
53084
80584
93456
20557
94557
13489
21254
27906
41074
12099
41096
68057
85636
99220
60661
20774
41813
41547
95445
73464
41029
86640
81619
24497
38945
90881
5464
34768
94047
23892
7298
27728
60243
87217
78293
87320
76579
83024
69448
98619
11394
47110
97201
42586
53598
59367
66291
57430
70311
30797
35045
70050
14174
5497
73974
85634
64735
48432
11715
82298
74819
99098
55367
79846
56838
97072
58684
73343
16396
30443
88073
25960
51227
33861
44597
69487
30892
27050
16263
24739
89207
10571
94117
21198
82390
82068
14896
58659
50814
52644
29653
28020
23946
54366
41746
84779
41932
26690
11775
83883
64700
23553
5408
26302
38662
20245
96750
978
35943
17078
96612
93805
42548
39797
74268
53746
89089
41436
17079
2942
31432
52595
49547
56064
58876
78200
49231
1075
93875
27870
79533
97318
98035
89685
90141
30223
79098
61456
71201
30086
98969
98934
38592
54129
98501
97753
28727
52709
2375
57376
20423
22004
45527
79902
66301
89666
11269
57658
73243
64740
37766
48542
17217
66029
92897
75521
40607
35704
40238
89888
39913
98201
65595
52448
87824
35141
27226
20368
96272
48193
55773
98790
54723
94010
25607
6093
44357
33753
28686
29001
57130
96920
6602
51311
55259
4738
32882
76412
31789
8221
97998
15128
64105
91376
84293
21268
30272
53847
93928
22553
60010
78101
42096
45791
47048
70520
24166
57895
52664
50462
84324
98041
58709
96372
65076
1858
1682
81423
77362
52499
24075
10760
11634
17597
73189
64232
97991
57690
58308
67227
69130
7267
74316
50544
71642
81310
6053
50226
36234
54083
22969
78079
70837
86420
81705
47004
23843
12422
92974
89763
87386
1516
67015
97538
58525
1267
68575
85168
46286
68614
18503
48950
16110
44156
99816
43750
98252
62576
6112
46962
97918
15148
35366
29964
36304
7247
74291
22800
70802
77098
91499
12564
79371
74141
96360
98454
75548
79284
60721
94666
77175
99443
28791
85489
57521
91743
82306
82984
23158
12285
12181
53432
97746
85786
77909
72718
66898
95335
85921
67876
22270
6398
72428
52313
80843
36854
89017
59102
93009
46332
83487
76797
80743
18698
22978
38493
13945
60969
10752
34939
78876
56120
17376
32347
67636
75309
80084
86811
12121
31448
16486
92671
84371
89888
65493
77056
53928
49657
14822
1263
50153
92121
32599
78519
13806
83514
31079
589
8848
63898
45432
75496
95672
39460
63016
13361
87804
4420
24362
8653
99332
28415
43230
58097
45769
63011
60737
45092
60288
1649
12120
40275
20377
58958
64401
75384
85173
44105
33694
18933
29069
84542
86371
60046
87110
80613
62319
25181
14068
28704
43680
54164
23555
76989
49683
3924
12119
23785
6636
7777
11074
28566
98918
38045
50879
57240
20505
64598
96448
60635
12750
44681
56320
40488
70050
88349
84536
36273
10521
31079
88389
50897
68628
15849
84761
39432
77905
85083
97403
96033
25309
85192
23133
77334
53324
79795
91566
80635
24426
56965
43708
16129
19937
21598
83465
72958
2847
34079
89963
40871
30028
60711
31222
36232
57091
26797
37557
6087
91325
3098
32923
94163
44710
86441
44626
63033
47919
40397
62234
40244
22395
55170
15553
37173
31232
55799
75166
48203
88973
5798
85212
22661
47117
85594
15237
40239
70327
84822
74254
5960
19717
30156
31497
79329
57615
20006
61164
1443
24268
51890
86547
43584
51561
28132
66492
75925
29731
11763
35306
30938
24015
33218
46205
2281
65085
78209
7375
88544
84424
23196
64352
90911
39436
3258
21560
19306
27541
19007
24355
80135
99099
31726
74216
62564
70706
17483
84438
31633
29049
58647
42337
84170
81647
44733
13027
41021
66009
9027
34926
47533
74064
36328
37190
86366
17320
30443
70309
97029
37804
94727
86464
44555
22200
69169
82205
54984
52200
5859
117
32577
3747
41908
96490
73212
86345
20167
31571
43014
97260
58290
64771
20354
34493
58923
63224
6730
76964
47463
89662
39617
38913
62471
50562
71002
30259
29100
445
57883
33598
17975
23091
27120
46287
28281
72985
60168
6167
66902
10381
53219
58853
71072
11995
50527
50216
51816
88672
28487
58877
73764
22821
19917
37476
16752
7901
95374
1482
43424
3509
51785
85032
87649
25634
56551
96609
53341
52866
41956
7995
62746
36759
13466
36056
710
2999
76331
80531
47641
86213
48491
46008
45828
83977
96719
5289
75022
87010
21384
48073
30063
23687
63460
99882
20102
6420
75995
29339
21352
72568
25787
76061
97660
13824
71611
44119
8115
96277
71888
46896
7476
59153
20980
91735
11247
367
26103
74769
51169
99968
98593
92838
55094
6519
90866
5975
39480
41675
42471
97343
96979
822
5149
20734
13029
94582
74195
27116
77718
22371
729
97014
46625
62133
34917
11765
29669
89693
69882
45738
59771
77061
15659
17768
46379
43157
44388
26025
67675
58638
73291
30623
24336
8479
78991
71699
37083
29026
39730
16025
16613
86274
10708
34131
71834
80288
97202
22739
7825
32748
208
44505
40390
51514
43919
6580
43407
60806
75734
91077
54610
48964
82829
21429
17193
53862
12633
82846
26190
69300
29536
99226
71924
90395
22429
26397
92157
28363
71585
25361
5019
90610
30091
41865
26332
92749
58672
74409
73354
36824
40838
49098
80654
61461
174
88775
84883
63324
70233
27959
48369
59991
27964
10218
39112
9933
61970
58849
34308
38227
2887
57292
4491
96641
93294
73375
67435
40207
6018
20130
20227
71564
45747
66761
23093
96022
17699
94824
4971
8082
33223
29619
99490
62605
1873
72417
17959
57839
88756
46703
31194
40700
52521
21097
87800
1991
5573
15484
37162
41860
22684
76163
92697
32905
80985
31489
82085
25605
72925
72341
95399
63987
90491
35420
11453
73767
92242
81117
9744
78277
86609
86710
28038
73091
60411
89699
82242
82022
14418
92071
73230
66094
29532
79920
3544
6990
68813
67496
19245
89540
62557
63033
576
64020
98013
96402
96057
14386
2655
4819
13160
12612
64305
74647
92406
17566
49913
24541
57614
72584
81047
96076
42195
17296
48761
72199
16280
84542
39364
45819
86036
77430
11529
9297
99081
22068
78277
51012
1605
72554
93969
96675
67671
51242
64079
28116
69113
21799
61996
85151
25395
62899
60030
74641
85172
14922
65343
644
12951
79455
92887
25798
53661
92361
85822
6211
27665
91882
6335
67927
23254
59440
78874
38746
19173
79941
87277
79325
20855
94242
45358
97577
7623
46305
78598
95322
14221
4640
13674
36480
54274
85785
83871
8003
86834
46349
48952
25790
91435
28817
23876
45877
683
65061
4294
75580
71762
3825
99239
18924
2323
87644
70964
18835
43102
98247
98820
80503
52338
81839
78126
6342
44380
71875
54928
71889
91309
74148
48863
90905
53972
89946
20302
98959
85082
83866
99213
22707
38185
98869
98079
41321
48813
1993
57748
83848
17699
40184
78678
97926
38000
36840
2698
100
24032
89484
63846
65661
82990
47627
17235
20182
67239
6679
96163
46984
59677
48638
93736
23209
52242
65965
7180
72221
34267
54616
82705
30587
66173
52298
54966
71907
45598
59670
68844
56214
34585
94934
50316
17314
20096
91574
89590
16131
76319
38155
63310
84550
87725
23668
52707
40852
60035
40268
41618
13317
56724
32688
80764
69447
34567
75513
27595
18411
2413
97455
19453
54089
65416
32841
87666
28544
73797
4386
15111
48423
75558
77416
33888
7873
6059
7379
7122
27763
42194
80708
12395
93172
29608
11837
61730
75707
10150
2318
71829
40251
4153
93789
49725
53611
86923
67096
30512
87647
87516
68189
44540
2184
16684
86806
21459
38717
72601
85868
47659
14448
91726
82520
62261
41358
52378
57573
87282
57356
5721
84860
59927
89734
16306
56286
63215
23195
18049
7925
26322
50662
42297
87526
97088
42800
55217
2001
45564
42016
56344
76126
60846
2377
13257
73465
86279
64851
15742
38723
43865
86463
57539
45804
37101
44941
26270
71769
94079
99760
33705
46559
22596
36855
52341
34845
77095
94304
92288
23672
23372
87212
83689
21599
288
32656
63946
23215
52082
18651
19506
92836
76437
15412
26977
4846
1823
49563
4095
49648
59979
60576
53231
80289
58265
62515
7168
44411
66668
30981
54203
44706
43855
9930
2753
55625
50517
27964
20022
59936
74215
17041
65016
84263
30707
81958
1495
8778
76264
93722
23099
31758
5311
26942
53437
184
20592
50771
35483
44117
63659
52309
51728
80611
79545
46250
46950
72993
44497
8226
32521
40716
62695
32635
21481
49536
82464
3528
72355
13959
38750
29907
97667
45726
97321
56743
42344
72565
85354
63571
15805
50743
99577
86940
61110
71250
32861
31992
5930
55694
14396
94719
18841
6386
21056
29679
99817
94487
91795
63539
61137
32443
64216
85900
24855
90924
83021
76365
40478
99902
9958
83530
60035
53469
71432
70097
86341
53993
58766
75572
5859
15122
60207
34601
35472
67665
30639
85357
7407
11129
60353
17959
75718
35161
48064
31577
79549
67160
87018
53801
21267
46427
99339
17837
93906
20573
54682
74383
82842
28124
97265
7660
53263
60753
34960
23990
78436
70177
21727
82270
41811
83874
22136
3639
49022
36288
29901
56108
35794
88062
32084
80856
26553
74860
90157
27665
94084
2259
9980
53073
66156
63523
29403
6252
95535
94858
84576
23823
77413
92153
8604
49959
71797
90155
15417
63952
81158
98783
26603
10014
84868
65267
79936
77183
28137
18227
62073
37422
8006
51073
81675
71006
29618
73357
43184
2727
85726
4652
77312
92284
68754
73976
77149
94963
45533
62887
98386
26995
92305
44455
56234
31956
79301
79000
43280
79878
73374
28134
41430
50835
81619
97201
27199
53502
93550
73571
852
90855
32517
78216
25528
68474
98233
80704
80227
69429
87760
85920
86701
47682
25301
23969
13257
68204
98399
85907
25974
79739
8490
26244
40403
52755
60677
12621
14480
35550
44346
68220
48905
97484
97777
99738
22128
49588
95644
1116
88985
19824
17433
24311
59448
18817
19558
23600
7342
4121
50640
52116
65686
16791
23957
15413
33663
36341
80273
35859
93594
91035
97204
21683
71576
6715
38668
80197
32980
52120
58988
42329
5967
22352
7267
45118
200
76276
41671
47437
41765
52441
67525
68410
6053
75125
85729
94128
82437
62682
54506
83947
18850
89591
16189
35610
61874
45029
11071
78734
63038
26859
83607
68913
14490
11080
21873
93375
96536
24646
87473
11129
75205
97463
46309
46756
78805
79170
23429
83282
98855
29604
65486
48031
87649
94693
56980
41344
88190
12776
79345
99668
33948
2316
37197
22224
1192
53170
79785
62500
71006
79034
36650
82080
6536
38975
91451
67211
71835
23729
81876
76164
66868
56663
90350
79186
45524
25913
91768
70282
87275
90122
1874
43441
71834
5774
12709
11885
83172
5279
85125
49279
14987
94720
32834
19462
50356
53743
34294
33793
68016
40792
57846
49438
35351
46767
67602
34923
58077
39189
70854
17265
83544
40008
95900
36513
23977
65245
99748
2770
55885
26387
50078
58937
10269
21784
48154
67521
75438
11745
54453
76532
28276
20394
1344
27901
28165
16637
92995
16432
16965
56687
91759
33966
67201
5755
96117
67211
7173
45008
95417
77432
80508
79997
73655
49551
98256
19247
49701
88326
62902
41367
15995
78044
27178
60147
14893
60461
49562
34816
10220
24409
72242
98776
37382
70052
90619
25378
12390
85288
44107
44192
21547
71193
55612
22266
67405
41681
48061
59348
92992
24288
19776
33394
40969
99800
32515
99801
55094
30330
27685
40716
77928
64931
28552
65839
93810
5442
12579
72957
2577
75694
80800
33083
76683
47362
10312
53459
98472
53590
77535
32294
98804
11593
26792
63278
86936
67108
80909
58784
73372
17798
56613
48569
43058
11351
64266
152
81060
61939
52180
95505
93080
42158
99368
17148
84661
46828
13867
86146
24264
21483
12741
65541
72158
22010
27940
87501
7611
94465
71439
65068
77756
84904
35398
23035
94922
211
7907
56937
67214
35912
55284
10763
36721
73797
97882
42706
13894
71705
38724
51115
46642
21037
90062
7368
45380
4137
75003
35672
92000
40761
62778
501
36416
7293
68169
81682
62271
63689
53447
68519
16261
60024
40933
19239
48717
16384
6879
26938
93191
67509
89528
24619
97713
51020
12731
40568
18573
37428
20009
70795
61845
50286
81790
969
50704
41150
62596
60086
43381
76333
877
3516
74516
20628
2118
45022
54898
4754
16475
26227
29196
63083
2398
99905
8636
76786
20164
63078
30893
47259
40595
16257
46662
51731
11562
77940
25675
57548
51113
20308
52032
24367
56782
16701
1280
35132
22945
59233
38945
49087
29192
95194
58112
27726
82044
83162
74676
16261
35096
68877
18576
48923
29449
95885
10668
44146
67097
62138
56909
38931
53211
6377
58040
43976
10567
11223
36261
34345
14785
40620
89263
69968
56856
80498
40914
57441
60066
56700
26810
95461
33912
13077
35615
90562
56767
30969
61836
54976
82791
61812
86819
43516
16976
15959
15395
29665
26683
77097
54813
72375
96758
9783
43042
10567
72142
87866
38237
87816
61437
80297
38407
76870
31610
4498
32750
35234
92764
79033
30289
50868
84371
85247
80363
14834
94791
62808
65723
4123
35190
20941
95236
34918
98713
12863
93536
84811
42845
36208
33814
29835
99028
71310
68556
24513
16482
12310
23047
86799
70576
23331
39583
89333
29898
58321
40179
59416
69970
3135
40773
67002
95287
72451
11086
15931
73685
5420
3024
29697
82964
62962
74120
70596
38611
75641
7998
96162
43778
91510
90384
48273
82859
41108
33651
11060
28907
81442
97443
34377
30614
19268
5457
1354
97775
65194
18866
67939
37612
31832
62969
90373
81502
88374
12601
64285
57528
36752
8491
5657
15479
68037
84929
55469
1794
58173
49179
98587
93522
7210
60668
62855
20046
93841
22013
72632
34971
49909
41325
23161
9520
70744
43739
13630
80934
53567
47187
61114
47035
39271
7104
68588
65611
68097
8173
95404
49792
62821
9245
29785
7632
39600
97452
51809
49240
79589
63944
70421
14144
34584
80378
23203
33095
31824
31173
91387
11988
194
82437
34289
36612
9087
76874
50162
32871
70389
85412
63148
65990
19313
77065
27536
69728
89810
46572
60615
82147
43723
38838
10858
47747
97317
97084
72918
84058
83971
57087
23333
14898
87111
95869
33856
44076
73275
60054
12951
84457
42382
10305
31168
7679
79410
35668
55679
17838
64794
75468
14313
58061
77185
7077
36481
81933
28385
26081
25191
2779
12969
70050
89436
74354
71874
83863
51008
30864
93813
71346
55710
36426
17970
97063
30371
22239
37019
940
50627
42399
34707
54429
69645
19111
46316
71323
42130
39580
79506
68661
21592
96729
31268
82719
12169
13054
50735
79374
7415
73762
2725
81066
18969
86648
29521
89174
47250
94409
23167
99382
14167
88247
74073
23825
47431
86899
69767
10295
13784
25200
69992
70359
42152
72577
30772
14609
8117
75110
37889
57632
87457
46141
49767
15020
53140
76870
30178
88857
69223
57373
34966
9979
61452
62607
78949
61118
57633
8108
83142
75829
34482
79418
17527
14845
48676
26782
59167
43018
33232
66912
58399
21950
72324
40590
87886
54081
69184
68763
38580
89296
15556
99969
68358
62344
82852
70981
37547
93473
77304
80524
13605
58957
98252
62567
68776
7129
86539
83247
37482
36387
59714
92773
63349
78280
9873
82127
92617
4176
84717
34804
93742
17534
8888
55864
29176
71268
63029
30057
10809
40009
21158
23069
11555
50968
83462
57015
39192
89263
38194
5560
1887
59760
58527
35265
60695
27489
20149
87098
56936
14065
336
10154
95742
22457
11541
79106
49339
64314
57712
73771
4883
35353
282
97698
74495
31528
5421
62346
49241
68189
10230
27494
5876
22664
89142
69837
53190
13047
20829
19183
10857
59551
19157
73636
38134
61760
64520
87085
71116
72210
20075
81102
35274
95973
62187
64232
15964
28248
60284
34278
58558
28259
40983
21346
31380
23242
89786
36744
9572
14457
82577
86656
67990
36583
69479
682
22408
34230
60894
39845
46814
23050
65639
98226
5710
61604
82434
82805
48223
34539
30128
90660
29627
26176
21967
85160
38641
57818
26287
99654
51265
29888
33439
2475
46034
25238
79352
14377
51896
61282
64923
45697
13048
13898
70750
97797
56763
4008
38385
59169
18115
25486
99178
45526
1410
61004
78296
73311
1109
97271
29732
10402
86904
6962
64396
17460
52792
93087
58075
33543
3357
6979
52039
22227
43315
25238
54133
1338
60806
80407
67370
98362
87638
76596
32968
8014
33095
47043
48929
29029
57786
78038
62690
12427
75862
90711
64606
77845
54931
55017
55027
60139
7031
22794
9005
5157
70881
55538
17974
53402
17083
74664
85589
71718
27557
98815
58521
1615
16154
18701
33639
92628
50091
29769
82149
16648
2405
84452
56807
57229
94311
93124
37739
72826
22583
85693
7272
36216
72023
68135
78454
51307
42619
20612
26589
58125
6918
18905
51696
59250
31996
68443
39876
38970
17915
76274
77839
67138
9585
61062
18982
44963
66993
23380
94610
52505
58717
93676
45020
88446
63352
54987
85756
36432
721
20987
1684
85121
32224
41935
13708
77986
31765
99538
29456
30509
39312
91652
64304
2985
59533
5838
79009
15659
97950
96952
70257
74494
13191
32621
53421
92742
93567
74242
44942
91412
59958
66387
75639
90460
82737
85710
25005
1050
12655
3731
66020
76924
49602
21593
16147
79435
86788
707
6454
36790
43032
57515
31303
79771
77989
30568
28424
13453
59632
26883
48427
54232
28940
2762
15586
88695
79107
98220
99368
11844
30669
87216
47238
2680
20525
76744
71794
93692
42646
45265
28678
63375
92220
58025
3483
42648
98713
14535
11378
45525
11216
28679
12957
32967
9998
45062
16177
7097
34126
70878
47024
18046
30954
63806
57484
56296
12013
86562
42640
5034
22969
62171
18677
19213
77431
87514
48217
57674
27884
68922
31091
1385
45934
58199
69075
41952
23482
75277
58506
42296
27364
78194
84246
51236
34803
6506
22763
47791
99238
17084
14357
29625
64566
38048
99241
15356
74396
76846
60316
76204
33519
28427
98814
84137
35859
55886
65155
355
26857
69763
32842
67627
99780
43207
82915
43063
7491
25394
81033
29040
22514
95271
95483
12916
35969
47789
66409
10861
80337
70904
63028
42769
63817
14689
79685
44095
41223
85733
71120
25049
63802
55767
96267
28672
33963
16080
70471
14938
38256
29134
80367
21292
62034
80772
71207
67028
21966
98706
11150
22761
19357
52404
5311
23348
10850
5631
53416
4314
23112
64052
75925
12466
43408
48046
11996
7750
64077
24443
76637
91810
9774
29820
6799
40872
91214
44141
99480
18676
29516
28487
91567
11727
79337
2542
42618
71251
98530
27722
43100
53568
45646
3598
20016
34890
70785
23985
9211
88132
34810
53449
42022
87950
1168
29665
24593
58509
74494
47360
57347
91227
50076
24707
47444
23974
78695
34982
76414
74003
65520
60544
51914
65920
58715
28663
88307
8775
3482
69328
49617
25540
99934
10247
14221
84457
60145
50641
48436
70133
79904
26736
37954
66512
17518
82179
72077
31556
61789
65174
45363
33660
92789
67985
46581
93709
47870
53545
52646
44701
64214
96695
95687
91269
21368
16955
49136
16634
49466
97285
73119
30830
15915
93708
31217
28306
87830
6037
88742
25149
95203
4103
38195
17954
54802
37101
72149
19727
98518
37209
72650
26564
51637
57429
17265
20979
47917
66033
16479
15619
19345
75223
39419
66417
35266
89006
99611
92916
18050
12921
28810
29550
25286
902
45197
37924
42874
56343
40727
44588
13200
40590
550
79718
74427
4052
12396
41413
41242
39408
64681
32930
1208
51816
26840
8579
48253
94794
25451
25204
98033
19817
31599
14887
90017
53499
973
87719
90034
67552
3679
83439
29685
8547
58207
90566
91295
99471
20172
17435
38367
13932
19436
25580
57775
9080
73035
18763
41924
97697
75918
58336
67989
33141
56479
15832
53064
54153
2084
88640
21095
67054
49186
84584
1886
23074
34373
64390
62666
14793
90033
46989
18652
2756
19444
85529
59858
26651
26219
14290
5326
87018
74060
3845
64840
44102
29612
33929
23857
68216
39575
4584
30048
9533
23061
53701
28353
93445
8885
21537
66284
27815
12276
19892
42222
37854
73640
4896
11041
34808
85354
69809
40540
20290
27580
31775
62501
74192
96248
12027
30491
20590
75614
1823
57499
81392
1531
95484
25597
38120
45291
62040
79188
66002
55735
81441
55098
50386
80716
31120
38825
59574
45952
54905
12313
65071
39625
70042
84333
9260
50321
89443
58634
38467
19786
34215
80668
34121
70934
15224
63232
19036
82390
529
50818
51072
42195
60698
90721
37600
76278
78724
18548
84682
19362
12455
4569
38526
38586
58554
4291
45334
86782
48502
5793
95766
87673
14985
23958
41139
82157
12095
35505
28591
25265
28415
70392
33778
4570
21529
20204
60422
58350
38533
60265
48527
28076
23517
60937
57967
15468
19236
21324
60384
70625
4796
68995
11135
92104
75784
91638
56713
21082
90459
48988
2924
10846
75293
67910
84863
39675
61901
42689
76176
18942
61878
18426
88246
2620
77908
60348
57458
73918
73797
44743
76194
40747
41279
41114
21861
87457
5928
37632
3665
60037
63816
92013
99601
8867
26959
46689
46880
94941
96715
85929
50007
14042
94654
47653
23654
95486
45549
53581
94061
57338
755
68279
75851
77645
80198
17520
38998
57852
99327
85892
40142
48553
91643
91984
1336
2636
71450
30097
98481
31288
44183
35952
66762
4802
53405
3688
91114
32006
94931
33788
66295
88714
81135
19664
64284
65890
41060
53180
39181
33319
59413
6326
69693
97661
52205
32494
51124
18231
48159
28934
95422
70016
47380
81074
3030
98744
73569
1525
46579
7610
33557
94594
64173
72613
77952
72884
34635
3189
2786
18053
68263
5195
22117
70381
88713
86569
79204
60205
71685
26398
59972
58986
7046
70631
77902
65774
89524
94060
45114
43204
85503
8849
85060
43802
51044
61571
35573
58062
75596
64982
58613
24946
86189
45927
49091
6022
32252
25543
18385
42103
98722
33210
52374
18274
89840
18925
86482
52946
82028
39955
77088
35671
66692
935
55541
42517
47936
71884
19154
43616
23348
52347
26685
94747
21960
97790
42721
90673
93114
19108
29781
38496
29808
77400
57194
76409
5892
32169
24073
62269
15362
94443
44251
85144
40285
4715
23141
79597
98051
10676
14195
24833
99054
68452
17334
83617
72974
63352
61693
15332
60237
40358
12073
7634
19492
74594
59426
96763
59729
87080
79679
60767
85451
51837
20100
60717
19769
50808
86436
96572
58991
62181
20794
6245
67999
23098
53310
51812
92846
60669
71284
43057
23530
79401
43616
70046
78161
9399
78479
66834
20071
88539
74031
77795
30798
20876
51550
12799
25114
43337
49781
77718
69680
33899
31401
88156
78301
79019
10242
71488
99806
85274
40866
60520
93017
90252
77626
44723
49119
92198
64312
45859
38658
93383
79836
953
70576
2991
53285
99571
6076
71754
62871
64123
55879
39963
576
96992
39614
45142
80588
73251
17353
94937
36221
54921
9424
42144
28298
80390
88532
55721
70929
35819
17407
4384
65228
84080
7726
26714
28412
22194
68173
30153
40262
10558
85035
67429
68807
33019
86276
29840
65825
24752
37745
85870
16874
77582
81925
1241
76549
8485
80975
55378
38596
40438
42969
44922
28877
76928
27447
19970
15492
65370
32814
29011
61320
37829
74730
97108
18352
94443
39382
88313
11821
74201
93830
90757
63755
36221
57762
72550
80490
33754
83041
83199
81932
95827
78158
86386
10838
14189
422
11148
86005
712
31812
15020
20033
19692
13263
50044
71501
68455
72868
17041
50814
79629
13506
71691
94479
45543
74581
50980
22067
41504
58219
58017
39856
17231
75825
24896
43696
8367
60545
75261
42058
95047
20657
21095
17440
73213
68169
76103
57978
98399
87320
12354
84714
93877
66098
38508
6092
33748
52933
6437
70299
62680
23286
91767
15977
68843
21908
88870
80446
7360
706
85825
71661
5459
30278
27659
47487
77255
21897
78933
32951
45364
30389
36794
95817
96511
60362
78007
97945
95092
19203
16840
19405
87549
48833
34520
10324
56633
65610
77482
37108
89474
63738
49216
31010
26548
29387
29158
60208
45778
69039
34280
82725
7945
21713
69934
99908
20916
17387
82648
42929
68031
44142
43721
18250
45891
61016
17069
65289
34773
29409
20404
98617
45117
29035
58341
34978
31606
73368
44139
63583
34644
94306
4778
32239
34870
79239
58350
93392
81853
39827
54015
96249
64751
19777
29888
32959
7818
64922
1573
64094
97370
65889
90522
84770
68554
4808
62578
30974
51339
27504
65156
83343
8167
9457
69155
67377
53256
34445
31825
57897
55125
55057
74979
22229
47812
83538
62220
11876
80988
69722
89962
67917
24166
82305
89428
63628
73968
97738
61946
4940
3897
42268
65926
35605
60743
49699
68705
85131
86395
33525
88880
9904
40264
75164
46249
7528
98113
77915
68218
62811
56562
71608
48747
54272
82625
68727
2560
76033
30516
13031
95666
38377
4003
44806
4305
71150
74910
9975
41817
24280
49788
57541
65451
51593
46157
90134
76962
21639
71146
30858
17473
59256
3608
20093
97318
68939
89317
74175
14279
65713
30412
93933
4323
24695
7190
5669
98956
20324
42337
49394
94607
36672
35358
954
23022
59032
60314
23844
32859
13464
74380
94521
11139
50984
72924
20849
58861
56143
17902
43406
37939
495
62165
3897
40903
59365
54127
19840
84642
42126
88207
29224
29182
85692
45375
21613
89411
66125
78483
84279
13073
37529
92745
73475
97901
27370
95824
64622
84377
65926
30414
14320
83149
53935
78029
25967
42078
9398
2180
2362
62429
26949
4396
19162
73450
79417
6501
55679
1194
67752
72915
90530
80094
52706
48448
97090
37838
24006
36695
96000
62264
98466
34537
27483
68126
76858
51772
46078
77672
61078
60732
63273
84129
40017
52592
87334
18085
47062
26509
15998
24467
68460
42350
56638
74779
88455
35301
79008
24663
55538
43502
22939
6589
95508
4286
37525
95481
11910
28910
84712
80818
7056
12971
32726
5559
82130
29174
79382
13645
67455
65495
35476
71553
86636
85101
45642
96523
34587
60719
56926
27176
2919
35026
93174
92309
12103
31913
56524
75092
29187
71570
19865
21217
74909
8014
98466
27584
70823
80250
33933
44423
64125
6812
99824
7811
68031
33467
831
14786
53486
4379
8060
58584
58613
74968
22064
46149
92884
53642
69338
29826
91354
58938
70215
58763
26333
8346
69399
1622
2711
53281
12062
99106
84308
57363
56301
16879
68690
92555
41089
99444
57551
44720
97715
23602
56488
77913
23509
62149
82565
87054
48257
90447
40072
53451
84547
87378
54317
60805
65990
12668
29451
18595
87894
75502
56283
17079
78651
94165
93558
88254
3006
69568
26584
38955
14679
55954
95849
24467
43830
96790
87190
25595
90211
75469
15201
54697
9662
39708
96074
23627
28793
50680
42204
17249
17166
2086
60784
61206
57909
2375
33328
65187
10888
72133
28776
34897
22781
93379
95698
97435
36575
35373
55564
77708
23562
81954
72226
38045
63732
48008
71121
81357
59268
10937
22669
53030
3285
53033
15667
54018
50114
21223
76590
31836
26721
31927
93502
2766
12985
22810
3662
41819
56746
89103
37875
31720
74229
33760
34882
4348
56658
49753
51899
95571
29877
91923
1298
9597
39375
10370
4926
28262
83533
9875
92301
71321
96256
23750
39105
16832
30741
9804
40933
8396
19925
21868
70179
29797
22039
50077
3176
13415
42040
86237
22010
47003
73822
56928
28739
13017
30003
53742
15369
3048
74923
29455
76282
92829
42502
46267
48867
49876
21746
65929
27897
95091
93389
48942
49922
44705
93700
1145
21130
7224
5200
61756
67782
10971
47021
41564
47895
84748
64538
32390
30086
20913
79543
24759
22952
34336
97385
20763
88772
71473
99510
30922
7439
44976
44226
54995
52371
65193
27444
86101
19465
12949
51693
65411
72818
87207
28361
33440
63405
27409
39396
58223
85425
11068
74604
61579
84722
36319
50306
23871
62917
3942
39384
53518
18888
92323
45828
2309
85450
41586
98957
70730
84549
71818
66446
24968
22225
26043
8947
8932
74429
51545
93357
96664
87908
89643
66203
74923
73024
97516
84646
15250
8838
99166
34630
22005
60116
33321
7502
78930
66361
16729
69253
77561
58703
89927
56436
65451
50634
48990
17783
32052
76604
86297
51325
68024
33121
56428
72984
56685
23294
83195
53513
64301
3872
55637
84195
64317
22635
29780
15166
49251
6659
13052
31157
59436
86318
32090
32525
38895
3381
71579
36361
43201
10610
9011
57552
77920
66596
40230
98721
56648
69308
13740
65841
27997
76475
80590
78694
44719
18317
20214
68757
64974
97320
66648
55330
61765
60688
17592
31820
40333
92480
25515
35893
90662
61898
84737
69234
92361
44616
40676
73179
92978
20198
59669
800
91702
80322
33548
75959
86400
53913
85497
76098
35678
3229
49610
82048
32499
77153
99053
71078
44246
44220
24125
23902
73713
40275
43192
77168
64022
53663
88507
59611
92280
23362
23620
89406
53834
60457
43297
76205
9684
56664
79462
47215
50143
90921
68618
17605
87807
8291
24255
85459
26974
84483
83733
1210
92970
69864
90609
88629
67616
58003
16083
1934
21415
59928
12546
66063
46334
29152
91874
20691
28523
34506
85735
8005
1173
94333
1586
25270
46248
36285
53444
69978
27497
18860
1927
41358
65056
87072
29796
21437
71049
69735
23619
38129
56954
83327
76520
32412
93399
65169
53325
89243
87442
96576
27711
34866
31359
49242
72113
78227
94377
50209
79317
62856
31045
9802
9943
47029
16443
29871
63882
43827
30642
64599
46919
68581
37941
43093
20039
82328
53583
19103
72120
55484
77593
75979
63358
95796
42043
13797
22153
24275
64746
93760
83748
83851
55494
80492
90076
32613
57567
1989
89681
29606
418
15230
36603
27176
37317
1831
61848
28694
55080
40263
72778
14213
22134
58662
11771
25392
96784
8964
13420
57924
54901
94527
35844
58180
90783
73171
56965
80037
33035
3823
64088
46346
30105
72507
7486
88042
94751
65512
17360
75966
94736
33018
21135
77101
56411
59191
63558
84854
40071
46958
97109
93359
89447
40093
54123
89464
79606
18773
90732
98775
47482
54428
520
9867
43646
3320
36727
21056
84530
29581
64760
42831
13820
14623
80765
53898
64244
90583
7746
83144
14404
5227
6807
49520
94206
33981
88199
24088
75714
74559
660
93426
23351
77061
80120
32258
93126
64651
94721
43864
27159
94212
71396
75250
98984
53892
53813
82612
34866
5628
46071
23163
53137
31505
44273
85165
10077
50436
33491
2436
57313
54331
20639
71951
92030
10685
61112
26963
60458
82127
95773
20154
52549
54415
93421
90029
18551
22235
946
11227
19535
26726
68930
53945
42991
42316
64324
18013
87806
20600
8364
87523
73390
57919
7416
28549
28077
29674
51798
94188
83541
10365
56887
65953
47765
92829
20979
83130
68004
76838
46156
3779
80705
82877
71778
27614
44078
94129
44866
41119
46124
99308
41886
28394
47746
64780
61188
84764
78395
72394
6444
6015
17330
63388
89270
86627
46284
56836
97544
40324
55999
77643
86381
99658
49547
90991
39743
2204
61940
13154
24013
66523
86934
68804
78038
30302
1883
19305
42367
18575
23915
38718
50061
497
37619
11859
88716
78223
41651
35001
8409
3987
44638
34156
76253
8504
91696
60626
5445
54207
55820
28504
94398
61180
88516
19577
89903
45413
9080
52262
71480
40870
84094
29395
4414
35063
10597
43969
30307
7403
71810
38773
11253
8843
51644
98203
87654
6436
66920
61059
57180
81836
26310
62938
71336
82981
41373
26921
49766
52718
53178
56770
60761
39777
75305
64478
93200
70836
82994
89892
58061
64147
88592
80629
78892
74483
21026
87573
33504
87782
52202
61344
71731
47762
57364
47425
31219
79840
80090
31939
25596
53906
44888
76486
96710
67799
14315
37818
59267
12125
96952
68695
1280
63025
62132
52581
55915
16973
6467
14362
33689
28526
35072
68088
41242
30448
81344
84495
52056
37972
86239
93932
436
17325
33049
8511
91463
34441
52141
4764
16502
67083
25852
93251
71736
96786
14818
71711
70616
8865
70085
45941
13694
1362
85654
18261
19010
67187
46448
87585
43614
9097
30017
37284
33658
61997
116
3899
8283
51591
73790
10500
81101
84452
63563
29793
69056
49676
58057
50950
32826
5211
19046
4060
28193
57051
42687
67848
89479
47725
66197
91808
70073
48047
87556
11011
3249
79803
10228
33248
18875
45048
51958
47144
92277
17895
30975
21479
99434
49507
42776
25763
42964
44184
4303
54326
86549
71271
10993
46440
72024
33166
82503
24489
51390
95706
15422
11177
10156
69415
31765
12377
10974
53013
45114
32217
50181
5876
69255
44527
53045
41155
77283
98658
77320
95062
39315
8789
88355
39878
9672
16279
6677
15775
60004
12528
11829
28360
92994
74205
86549
24001
4330
39246
21768
30977
6576
94769
62363
71971
15310
98932
55741
21071
28585
21672
97181
78669
77935
84932
31343
35415
59076
16746
23460
67121
2476
75984
28566
5701
80135
57124
664
98275
888
36075
93821
88065
38688
70970
74373
66110
97604
12057
49564
54125
47603
19934
83381
56158
912
7236
62913
87159
45531
60742
87480
41873
21967
87332
33730
66024
70522
3626
9166
34861
70057
65619
81097
83011
21467
44100
98291
84034
90941
96033
92929
60937
5230
10443
13728
79660
55655
37897
76727
6348
78020
38628
64424
86152
77916
75935
14857
36568
23736
68652
63374
27840
58758
13892
56262
95222
82696
16779
49876
87774
9005
76758
71239
34094
78415
98995
28236
69951
38480
60647
99456
63794
23360
14958
91932
4256
61577
18084
79382
17009
95702
97915
69837
47394
57119
76857
29964
42554
89930
12420
93604
56817
58304
62065
27825
55990
7492
71711
7354
42049
59152
19065
12351
62353
46372
22469
19463
58532
31031
37474
72723
44073
26234
71396
93052
58127
90482
99632
66055
31476
10015
16152
27946
91704
77235
64230
96852
70766
42405
8890
42813
1227
86031
17348
19053
20087
26546
4666
6795
94198
88686
52348
54175
13151
50859
27304
55522
93730
37139
70839
35508
59969
33218
35454
21884
78193
58169
63445
10653
33254
58836
14944
36298
8525
49858
39935
34800
37379
61113
73469
69693
66041
12645
97584
49692
98996
48741
41801
83788
8858
11353
6428
24736
53056
56192
74018
53164
49620
76271
25272
97418
80818
52375
21389
48681
77412
26105
43985
45807
9653
16640
17254
84390
16796
36443
72675
23403
48260
36148
17878
12597
81261
10144
71929
94161
54532
59643
47089
60611
77374
43338
14015
54101
59080
53407
78061
11004
88498
88482
4396
26688
38249
48171
70828
51023
5260
89692
18495
87908
45563
15739
3942
13165
55590
64808
29870
2866
57058
26369
95890
83092
12892
71396
26700
96396
96305
87399
94349
55543
91229
8260
24439
48079
72030
39848
33471
36974
39839
17846
79110
80460
54758
77622
8910
73368
4143
47790
92748
50690
15046
32838
19816
53210
79766
61369
74827
70529
39447
19078
30456
82775
19490
41694
98283
77791
31440
18695
945
12258
98571
15254
5822
3570
84872
14893
72724
4502
12377
6238
92863
34697
62490
34708
15275
19112
56836
46113
20923
81634
73758
17859
21544
65202
39924
53283
9110
17834
80586
16244
65073
97617
12807
68495
68224
32904
10491
46673
27651
68298
93236
4823
43457
48759
14696
90984
21527
67543
23304
40054
79079
43129
29316
9799
56702
93494
15784
28360
59555
73243
16994
59797
95133
1023
14376
33849
26209
72101
88876
89558
37566
32541
66196
99967
76999
354
78070
39184
33145
96891
86386
65632
17930
68424
72630
59989
62303
80415
97357
86115
7745
56240
18718
5292
93066
33924
60599
4753
82267
81506
28928
63248
35437
94858
49659
98883
60999
85071
82457
74021
36649
35835
47378
93325
21893
78596
24580
71675
38198
47226
94948
2132
8943
54697
80683
85590
56224
55932
2975
14533
11612
4882
74210
38398
10123
66721
22918
35364
30733
32622
14929
17022
23498
18117
23657
25765
17365
66669
28783
73060
2809
33164
13772
57067
51497
60368
25348
16633
86582
89102
64379
35256
69566
71318
54717
9862
87096
74123
94966
22784
87735
49853
28306
25443
1524
42630
29687
82169
49837
6369
72793
40760
21418
83440
32936
92826
93725
16230
98864
70936
50423
49846
4630
94903
98630
12698
51047
88872
48734
30097
52170
51099
36827
42407
73494
36179
38495
73412
9535
13313
82476
90675
12335
626
34172
93772
13210
69026
53905
83511
18113
52130
92100
89975
11494
62939
33780
35679
75811
78589
84866
98441
94661
99607
83175
33368
3581
89617
92090
66486
90480
91288
17334
18461
98418
91118
28955
62233
25617
45280
12246
25092
25104
64011
22312
70635
81522
47617
59038
15979
96748
89873
37237
67825
41658
43413
36646
99997
54397
36614
5823
64081
23710
36232
25673
26291
51496
52917
42672
33169
6810
14653
32311
31603
39096
6918
6736
2981
86792
85315
3009
72385
64737
4350
8624
22310
76415
15955
65475
89754
68606
26196
73145
29055
79776
34917
39850
76457
11348
37487
83671
26161
97579
68103
46048
89957
2040
70539
91845
35676
24076
14232
61097
96456
15914
30803
52964
16389
6737
71734
97832
90522
51694
41169
93364
93832
80391
31305
87027
16723
85861
77578
9642
79945
41952
20387
94828
44621
22468
38174
84374
94352
14673
80137
17325
56597
68400
16690
69478
12902
36978
58029
74042
54988
21440
74119
27523
6351
66872
99704
10597
52595
86178
8942
6500
39381
67204
78228
62568
90627
26991
36639
65336
84397
78675
17300
88383
66686
59350
77379
36457
10528
37644
33115
59244
15344
38311
69943
95174
19479
2251
16394
2895
4351
48341
88036
48731
191
55638
47960
85941
19467
45746
37088
67444
86979
80250
75083
21618
18739
87181
13965
77803
93953
20293
99583
57376
16316
86525
76983
84880
37518
18721
11975
12259
58397
72211
6924
76488
40109
95512
43486
8412
16532
12386
80847
63186
632
45137
89444
56860
76942
16666
15971
80860
91833
72200
45964
56147
6647
23334
83841
98869
35400
26113
92856
50405
28591
85485
50506
12958
86253
60161
63479
86397
39657
23318
90073
71448
76742
38758
54467
97967
29590
88943
43557
91164
82891
24564
4782
38433
44140
92942
24920
2550
89805
76140
38371
27703
22767
39482
47108
38285
56420
70687
12435
7939
86860
49955
46017
7992
67880
74030
42132
35535
64808
88185
28056
64470
9371
72690
31078
84601
35967
72583
46993
29168
75026
33328
97710
36808
13309
27397
63602
12963
41820
17162
12791
58239
59455
7379
18279
91730
2177
31730
22479
18303
25467
86851
38491
61469
81974
60096
40618
43626
63618
86588
50065
47381
92283
31802
12274
17109
87988
67870
43730
85991
91600
62719
99721
57187
83016
46191
31865
35767
82954
67620
52765
89316
91690
57189
18631
23003
21412
78661
16042
79680
32306
84424
76933
35447
52815
17889
7014
16942
31940
49557
10262
50543
41750
8463
2883
15444
50386
90877
10447
52050
28018
30706
38014
8565
56432
49983
9264
86753
82588
21622
90316
52338
84861
2755
82214
28782
11868
51574
63666
12005
35990
3834
89081
62077
96025
13598
52365
45655
54213
164
87062
62840
80671
14040
51627
95139
29421
64751
96473
70304
5723
8128
98857
90097
5239
35062
23284
94147
91657
33478
41686
26058
17738
13886
10890
14514
81871
28989
98098
39225
94311
51110
96568
58784
50705
3425
26698
80344
57685
27976
73998
10145
83761
31302
56326
72852
73389
44182
22763
84437
18507
77660
47710
41364
39577
76928
76011
23570
56015
42979
25362
89728
88761
30522
23988
76067
49126
94588
33723
85777
21435
86515
59664
39383
53925
46779
34332
11656
84767
39304
15814
23370
90118
16837
93780
83259
24993
32372
17694
29577
7854
58968
30999
17863
86542
76771
99933
51248
27492
52603
89763
65164
89013
72744
13536
56098
41656
35187
44256
89580
49979
10472
81095
9876
21452
84298
60435
97749
14660
13035
72819
86960
58140
47944
11275
37449
70239
16142
17775
91554
52606
73764
33510
97273
28939
99499
46065
91318
8370
92483
54763
29628
14336
20915
72859
2650
58475
38354
83320
14284
55211
83759
55554
38815
75423
19498
36044
72507
29421
935
66063
69011
42077
71577
77474
49459
34712
29784
39802
19592
11579
79723
2316
28583
3038
35126
49783
36971
81292
70049
88441
11684
63600
16910
55261
55005
6421
66772
80352
88621
70393
42082
72355
13619
33764
61916
19980
78787
41754
505
65267
39182
52262
46713
41673
17830
1297
91973
91496
70056
28550
59899
26274
7188
89046
84485
69374
80370
4760
61452
48052
83502
59267
4748
16477
48919
98554
21072
77453
33466
82291
69787
81137
9727
57254
23149
45192
9473
48682
66785
89241
44141
72421
37720
70834
69184
3023
3462
67940
97744
11227
57409
60577
6663
85731
98826
65308
37259
65272
49539
65314
47477
65857
26183
27402
66759
40045
30214
46373
92108
47135
50176
94512
16485
16143
4020
96565
55800
34883
66907
11871
79637
35214
53792
34766
31932
54841
41066
98067
16312
99600
84115
44299
66890
70131
81131
50882
83214
10396
30627
49774
72162
11267
46149
2762
7272
44066
55670
14975
66972
80454
96562
28360
76899
24588
41190
87325
7108
86727
74155
61342
70114
91996
94717
54344
42337
75208
29768
18604
9449
13874
26026
62696
1023
75660
21035
29845
5055
91285
55308
48835
73474
54569
27394
97016
68688
20555
72971
15292
4642
57937
43461
18009
156
52193
47991
42498
20947
37710
93139
75582
60627
72143
69160
41800
57498
2739
75977
62104
87632
54546
59746
56202
47888
39688
6352
77734
47134
67283
35582
65834
76869
68594
64659
83667
62622
16185
12217
8925
86206
95964
20907
77987
9005
7572
97864
55480
99334
41048
65764
11435
936
74465
97150
14180
94548
19183
77962
32149
51010
9557
2327
31504
35704
36970
41844
87205
7324
30631
67756
97299
65662
56135
12762
90475
24997
8129
33656
11159
81444
86456
54411
61968
68820
42949
34395
77081
13989
76088
31475
20282
81338
34700
15660
1668
5225
52574
63823
10080
20425
83841
17425
45045
21015
3321
91805
87741
6292
45623
61268
67566
14669
62822
23489
61503
6196
65445
58096
52179
63939
86434
20057
47977
56290
27772
22741
29496
96438
14874
45074
59498
97202
82747
44755
57266
67251
79387
2922
58275
66037
40954
19448
37608
63417
6045
29627
19351
21538
94283
7131
20436
98619
80890
22108
23830
60707
6389
65382
76678
61873
41229
21917
31348
23628
33733
61515
60434
46809
81448
86639
11360
21903
11470
7054
93145
72306
9575
37840
13969
23361
1923
35467
90861
21456
66089
26300
51310
60988
5565
78508
98913
34600
97344
64880
46554
6955
1370
39970
91024
6163
64086
59596
1639
61969
5621
64131
71577
44878
51662
16234
55726
52148
96715
456
21468
80591
59407
87435
18531
59711
91873
46582
69288
62130
75291
48088
16982
46009
735
64652
31017
20893
72676
48310
81838
387
40888
50439
30213
4874
47361
4363
46356
81753
1506
23591
65985
38898
31149
56517
14987
33160
62372
2842
5233
12591
40160
95493
39871
62892
68520
83049
87964
16451
90411
96418
83540
61143
70154
18809
47937
4322
53762
57567
63967
48376
6534
96226
93079
23625
88899
99903
13926
70776
43926
99105
97365
22655
83607
14597
97660
79519
17878
19913
37228
53454
18498
81336
2712
27696
35080
48583
95720
91100
84627
38731
53509
57592
41796
89882
16880
1064
58832
7442
42909
85198
69366
27944
2172
75669
18251
22321
44635
89551
16277
84454
60068
90607
80427
97100
95090
33811
63896
87524
28509
59781
57721
63757
60417
11938
84185
21132
58324
16803
59100
66057
80438
21702
99815
90670
41393
66822
63313
93118
21228
57876
19728
89018
40788
67920
95173
95405
50930
56663
88137
88878
92960
18411
28114
41461
65555
80570
51356
86709
62516
20007
72558
40303
368
53323
24606
63467
13410
73299
27896
97973
88940
16875
88751
13576
257
98734
90229
88847
65418
35122
6983
86048
61587
31380
20396
36478
46882
28232
67534
88350
5264
86220
77104
2996
61375
98815
35862
61826
11708
57245
97136
86387
86254
64584
19520
63179
88513
95476
1581
76773
14470
45901
80386
66556
40792
76372
21691
23870
48104
87185
50510
21855
48006
93452
32053
22740
38080
80441
81920
52482
40976
62191
38642
21305
4150
88459
44356
95972
50164
71136
22036
54109
52702
54465
56413
25111
97411
42105
85474
87605
72958
7524
65367
38818
96297
90467
59678
92446
82403
85731
17607
45914
97024
97794
94991
61430
39190
71841
28935
35912
49627
97485
85211
15690
10297
55147
2944
79567
90322
61755
70323
28040
53544
32817
92365
37562
11822
44432
36167
94748
18427
69159
40051
68623
64394
5550
46025
66679
98025
38314
43285
68423
33710
55647
2349
76970
59453
16945
10555
27829
86816
11960
43476
71848
59626
12952
34748
77256
36230
89657
30160
22681
15378
44000
29116
38576
14174
54446
35263
40892
53712
19077
39440
2653
52238
54855
18367
31270
45244
4849
25244
98543
16227
31014
12281
89370
99656
35466
89460
74964
36691
29643
86431
53801
89114
94357
99004
41865
1063
27674
32492
50395
81800
57492
10370
90143
88470
96146
35624
16049
58922
45638
80298
65615
74430
83890
79298
67539
32694
96782
84585
45855
32556
71340
58700
8361
27913
59122
90048
56407
24106
27870
2638
26009
79620
68038
80705
85225
71916
59077
21209
85756
74149
86981
5917
80201
98410
14109
20726
27863
92294
62926
7158
60489
1161
83829
95646
28368
11313
85214
69600
62661
38854
12849
65977
9007
80445
18594
25400
26554
85675
6240
85743
2161
10765
23146
63708
30655
42791
89773
16347
63970
96348
5334
40838
86429
98304
97820
90650
92418
96377
51769
15477
87939
27427
48655
39234
55362
3946
47326
29368
27327
46483
82371
87276
12094
19619
73165
69824
89819
8118
40506
55459
44718
54599
86454
43133
58604
90372
40360
81930
95955
92094
11992
7277
6087
75865
89260
94236
60910
78717
87391
83556
23272
82811
64539
85156
3800
53299
28761
2263
22567
23716
7038
64774
25013
39722
46847
95423
90122
6640
28515
17913
34128
4126
20187
45293
9666
71036
59654
47904
37893
56204
27805
35313
50229
41244
6661
34364
67049
68706
83720
36281
24472
96004
74065
71381
54131
58835
40319
36679
18943
47064
97236
92398
72829
648
35290
65626
41250
85252
57569
34675
72693
93656
82637
45867
12840
20739
96714
48394
23145
30857
76801
4314
51890
97507
31877
19035
60759
40876
65139
3824
20890
98414
16325
34559
82543
78187
21396
87378
20243
20398
47915
90799
64777
73740
11153
17986
55992
15322
5680
81971
58605
61669
17802
29128
25574
24748
9283
57402
24818
81282
99394
66374
10919
1034
53618
25651
7953
51339
32990
72925
89074
87428
69111
27260
71608
86705
67616
53292
64248
60163
7736
32126
89248
62648
53046
3575
75211
52435
50134
83275
28164
20347
43248
54412
86858
26368
3354
78733
83727
99825
43554
38486
69835
7647
64711
66909
55918
61573
90732
66135
34128
89446
28954
7915
27964
87864
45122
77321
70889
96114
43423
83121
65618
35106
99670
97126
57341
46339
95635
48548
41595
66528
78035
42923
36310
21092
12395
87875
13717
8377
51023
10947
27336
28878
97267
1800
16391
90072
25284
32040
7675
66870
29787
37782
79219
86538
45561
24708
78162
69507
69076
96574
89844
42418
43050
44565
5435
60646
95014
86965
81916
14623
66934
12471
36434
84756
46530
83163
61090
32981
71603
10145
24575
82939
26641
56356
95628
31188
57051
55934
11329
39853
25727
74379
96944
96320
50984
33274
12124
32635
51837
43435
57145
29210
2510
20033
19205
34883
39516
54773
85514
45655
93973
5108
18891
83144
60342
6068
31354
13143
13265
90523
87191
66860
66823
88344
26980
48431
19899
19986
72227
7731
51177
87400
33941
6281
70261
43135
40241
9618
68223
28213
73885
37183
15552
38575
9198
96401
50707
20471
71206
38262
15673
89838
12812
99213
39271
91234
46116
33194
5829
30203
49166
98341
54377
86705
16039
2181
10428
67645
39003
70352
32081
44970
67501
67023
41267
8905
85102
82529
55324
22628
19755
41178
67036
73078
31060
81978
60140
1091
90463
41897
57708
38830
52038
72757
34722
61154
51985
70131
98033
71471
349
26675
7948
56941
45131
60163
26223
20574
3342
24476
66019
4272
8383
80736
58541
89235
98687
64337
11040
84852
57600
24855
75819
44334
57902
27123
83989
13043
47602
4022
74879
47917
33149
90021
27169
20292
49011
86566
81941
8781
58447
98879
78035
85581
7061
72878
46193
84752
4490
75653
20244
98874
13876
34511
69790
17780
10372
79176
53757
83768
1988
44777
1841
66154
61294
97801
93000
76971
76800
34250
8574
34521
2694
84689
54137
46776
41514
3001
98292
86041
49167
92371
70987
14411
79046
68472
34466
54615
62287
44435
50721
24775
56833
83244
28948
15466
62231
37269
92808
14775
94608
22527
7163
32575
97187
4863
10451
90677
2974
24215
66289
98787
62814
36613
54249
53281
84192
1317
52407
11390
7315
37056
70089
37353
19162
16074
446
30807
55458
54169
71446
49640
11056
17722
36956
80713
42891
42047
37324
8805
40677
4075
6605
42642
95511
83437
35471
29705
71203
31091
74206
12448
64609
86089
52306
19992
33096
11615
98900
24943
98445
71892
25992
67909
13533
94231
48713
35703
61085
6963
93195
61990
77040
82523
37061
69518
23922
96593
13796
88362
61769
18309
41096
78346
29033
4798
21585
97511
54964
26525
24565
92230
13979
95443
48651
92697
32316
86944
27694
34722
87003
10966
40017
24263
23042
85988
34369
52202
26024
77018
57651
91347
49940
20448
20624
20848
4133
22923
64883
11236
5132
58580
34772
57720
31765
45597
74588
26416
48820
20104
63922
96112
75384
85202
72357
40150
2509
9059
28163
37295
10717
67987
52825
48739
61270
35391
96977
31014
64282
89442
37059
78133
76521
7410
30535
92781
10923
74935
85853
28934
97869
15983
20556
89359
22852
91178
77225
12286
14841
7129
7400
37514
64640
70942
60775
39422
34954
31127
15604
10254
8976
60205
92456
36619
449
69359
14023
72181
60735
92309
35691
18816
15820
85914
73824
55219
30210
78520
90394
27334
62318
52670
71300
83242
95140
24746
60245
97069
62026
26460
61404
35351
80998
69951
18947
35418
63058
15046
65125
49132
97401
51482
26319
74279
75240
59099
43790
44849
61260
70610
9148
80305
49411
30036
37069
57354
9015
29537
88656
63198
91579
73388
14560
45686
88523
93076
17281
27270
99882
50615
76501
72592
31476
26195
69320
48055
64066
89255
80106
21169
99021
97489
47622
758
35393
65962
84180
4944
40207
81755
6312
42575
29285
40052
36874
55033
68205
72351
33480
88529
68079
40416
32245
72058
24580
6179
56167
30072
7997
46934
86191
36022
58226
12655
83273
47709
97621
2405
50917
35998
52907
21784
44952
64093
36127
14625
36427
4182
20954
87630
6676
98966
91105
14512
34190
89774
53717
44443
58140
17147
54496
46792
39969
54415
67043
83711
31591
82222
22760
22125
38644
70325
9315
68709
7036
58051
9350
5848
92891
59345
54765
37283
27872
18836
32214
26005
38151
95088
77338
53150
29373
54423
41988
81906
63142
92817
41272
57975
43105
86909
64495
44931
53414
48064
19553
81596
23590
18792
53825
3866
73181
58842
46266
88068
75330
83176
65030
51797
27764
29620
38380
97525
90552
76338
11489
87259
64727
66432
33809
96838
89165
37665
69558
81997
28920
47441
6508
65774
77338
49669
13567
6635
19062
46341
77753
62688
52231
62284
47338
70865
80789
76916
35660
46199
62540
14766
63151
81312
33580
14141
61090
75376
70552
76731
36283
36217
22109
48613
441
43400
40593
14560
90537
21332
63151
88605
27125
9145
66353
2352
66186
65444
84305
2118
29801
81477
66980
22226
84531
43082
3760
25713
63580
24220
98657
70468
24363
79130
25108
59196
90805
68831
16652
8932
97106
56864
54056
29667
45778
22842
11607
18945
83416
29574
5988
29052
98322
74495
22588
1894
58569
29188
11818
60362
76203
13717
39202
26572
63413
93736
79737
22401
84106
43490
33170
73087
53607
64183
25158
86732
43157
42756
44730
58156
78833
89672
15105
46807
94978
54252
94772
95034
57928
26527
76741
75496
11974
91352
91561
76731
75268
11012
62212
12051
98554
20526
65666
33935
61245
33807
29811
5510
59894
99718
19127
54614
52498
53743
52571
29084
8555
3174
93066
82207
41011
88082
37197
26234
50739
60890
64118
52246
56393
35405
24047
29810
49553
33536
97062
54628
30420
49587
48869
28530
84113
96409
21490
7905
68670
94835
68902
74393
83718
98467
44233
65988
92895
52907
88582
78755
75975
65338
91481
51197
4558
18286
53782
66930
71783
26085
39044
48718
49426
54179
29960
42133
36173
83569
86101
16466
60495
24162
20254
3039
72748
15504
46648
96955
67073
1711
66315
27020
38870
67014
65890
72672
77871
86307
3475
46271
18651
99769
82571
91702
19311
84232
46169
39668
77574
63183
1292
19769
26506
70790
27996
94044
77128
61858
18552
92644
57417
89697
19874
28383
11475
53614
83848
27751
46712
90557
94635
52746
98625
62615
33902
4190
64333
30324
92484
90418
19403
60649
15681
54485
59316
24393
69928
71091
17225
84969
92171
81840
5608
45316
247
89904
84851
82708
58915
74725
68061
21625
41534
75063
39306
67202
30245
25260
81097
71505
94799
36017
13821
43158
53856
43858
71661
34509
65040
1373
64745
87718
63461
75065
32262
80581
85257
70598
30562
88733
70676
96330
21175
62757
44043
69362
75428
4426
40165
63625
6536
67354
96034
67892
87991
10830
80981
24270
97932
36070
43099
27194
19433
24275
26566
38191
77081
69676
37920
79679
96492
25457
48726
12999
11759
19740
49150
91262
90276
20604
70717
55381
79176
48769
38414
59111
62358
93473
90839
17328
38181
78837
45861
1245
64051
90252
91919
16955
90794
81960
54026
93776
68193
4560
63615
11172
89076
50953
57157
34370
57961
7935
78112
80696
86682
68725
95952
72219
85529
26187
93004
24298
31286
55641
60454
20338
12433
22334
3291
93828
26067
80688
63843
87471
37236
74315
67064
73701
45052
28614
93197
90939
81135
29413
37161
46763
1380
75208
8712
51206
96056
63967
36905
8854
58007
26084
57288
87751
3844
72509
43442
29458
1116
39574
58372
95383
20266
70689
11060
68463
68889
79225
52592
49852
68443
16306
58552
95296
30474
90482
86913
41447
30364
16656
84948
36880
29226
46128
34845
24940
21031
34344
45625
91451
85050
6292
19535
4015
72320
98297
4111
91875
41554
83165
80291
66601
81749
69114
82369
47354
73014
79320
97427
98803
19262
56204
67244
94039
6374
85055
54921
58903
6623
45567
36775
17897
95451
27571
96671
45051
79203
58341
80767
7645
33802
96279
75577
52002
87420
49871
39494
21816
52258
80741
98951
48783
64338
76100
25813
36001
84119
10464
81630
32647
41022
42153
41588
37812
12928
6785
51811
68847
39806
68697
20957
69971
77716
76916
41165
25700
13650
22971
91570
67270
46899
64043
60672
45214
87860
72226
44422
20481
72020
84085
43736
35480
26443
95912
34274
88093
34901
98053
17961
53246