35332
5632
8499
35430
51444
94652
49135
20342
49164
78362
80244
60857
25640
81962
23913
73769
91546
32290
78502
52596
89659
26862
12541
95527
80982
71667
15765
92773
67494
55636
49523
12024
58081
76322
7588
55585
1606
90099
83083
26369
95242
6723
43304
51528
60989
53889
25069
20690
11916
22874
6187
66539
20449
73617
85566
38782
35493
23204
98929
23286
76775
9682
6665
42122
41115
82519
90720
55014
33006
69964
4137
96636
82193
33340
21988
82430
9356
67450
21250
92700
25057
7379
57122
879
52978
79369
9307
81741
96806
80229
73841
16733
10114
5233
26718
98280
88155
36513
93640
21986
12185
7106
81310
4851
9169
57319
4078
68277
14352
5320
39829
1248
65327
92175
21195
4777
80433
87279
90549
16849
98792
84389
53785
33907
91420
53770
32029
73790
71844
85861
25499
48299
49517
524
26833
98647
1939
88113
92472
41428
58603
81675
85241
95949
99973
7780
24680
11989
15488
51709
17643
24995
17545
87645
84754
88278
45466
6700
25900
85065
17401
77415
65104
68031
7391
70926
269
781
73237
61453
21452
51625
74086
32036
29674
9610
3900
83334
80905
75858
61042
64234
35096
7426
52012
15789
2853
65048
74344
5788
22945
40892
86138
47893
33990
84678
94101
73326
99545
91663
24352
28452
75761
27813
25472
8918
50386
60065
46069
89912
26004
89179
39896
86281
7236
1070
18473
61117
93455
81377
80589
66890
67927
15029
35088
7750
18453
62563
85698
57185
9417
218
56573
48857
2751
31342
40008
64503
70900
90544
70676
26850
35046
39884
60360
81326
89788
74731
57540
40791
31748
33805
62324
81642
70987
15583
55063
20780
38760
66049
1436
18204
63633
36362
72699
58088
25973
86269
43324
87732
41713
99264
11125
34995
77974
19380
25727
88298
32484
77958
791
13757
40268
55889
32505
61183
71213
36899
88384
29562
79748
44014
14747
7559
81528
75803
68381
54009
8351
1530
24978
72592
12109
30083
95319
39270
2707
48893
54013
95263
50731
28727
92339
42275
17114
51991
76483
26454
37651
63708
10031
92210
3111
71388
35895
61015
98776
4019
45967
9769
43159
8583
56820
24306
12763
58812
29275
71044
63416
38531
31221
76445
46141
83547
84640
12596
38144
27671
30695
92563
76131
37768
83267
49302
57208
29520
36128
39373
96933
2362
58807
37490
7248
74449
40182
38996
86310
99483
57655
22362
60602
59367
36140
94710
57982
58428
79143
59462
88605
38805
97256
59725
85660
34920
34697
46688
5020
15157
24895
6589
46185
92103
36022
10784
65749
6931
32343
91577
85232
1542
2681
39981
26566
24548
57690
92852
58623
27311
72293
60868
50508
37858
82169
11201
86825
88397
53363
95798
78941
16304
98542
60237
37305
11396
4110
44656
18715
41943
49070
21449
35640
74884
56691
16334
69455
3684
97733
93783
22702
50736
4493
61903
39827
2186
4666
32613
19522
50885
26852
73924
89353
32701
37281
84753
29499
56664
51203
62730
45211
12215
43107
42169
93543
20255
82172
3567
12882
54384
33841
2599
8322
55689
14295
22895
88481
92255
40856
48688
71642
6374
51223
82161
17202
90766
3125
36272
69795
58277
9818
72866
74625
72066
64965
84722
31309
80442
7061
53168
57258
74141
73296
85126
65899
66637
12204
11962
84062
13839
56802
13890
73548
13032
98631
89197
82659
55722
64710
40664
61903
63276
59858
8109
62750
90019
45658
74201
10657
97101
4744
48535
70126
30536
95268
35745
77278
9609
64159
78125
59164
66834
62109
73491
28473
39012
11328
81028
63385
82919
46405
88169
43193
10660
68492
40593
95076
68544
63610
39579
26718
15674
4274
21529
51755
40877
77966
4440
65869
99823
38439
72681
37597
92457
84632
46649
59968
75973
39238
53461
53149
22851
66304
88039
57872
71464
22807
79194
18409
13450
58424
30554
57297
52762
12817
22447
43000
33522
35721
18501
29303
11799
88910
68100
92431
72358
99345
6930
27244
27299
69554
24726
88754
4353
50655
54739
13028
42675
37374
46530
53626
99354
11932
27202
52974
67063
8579
98128
34892
95137
96581
74024
90210
93183
8868
70450
36116
40689
12448
4233
11716
74584
12476
53709
91609
59618
76856
98247
93740
89913
15486
84117
87997
76940
50518
1661
85061
57900
75042
98408
26947
59279
92961
39102
70266
69491
22968
33503
62030
57076
98631
62726
75116
38370
71237
18028
66305
13979
40710
9186
36918
76378
45925
90981
76807
82575
54122
17090
33561
6610
47551
53253
14028
60502
40242
10051
86271
17924
11831
61993
63306
62292
65498
436
62982
6918
27268
5668
95496
9851
31620
32094
79513
30793
7432
62588
2161
39064
6116
1939
66936
21212
92143
73911
93803
18107
80031
78283
84720
95593
36182
9045
18411
85091
66151
60093
98879
48246
8657
49190
51883
75537
57813
89581
93438
90381
99479
54667
87251
32593
11716
55956
46357
99260
54342
96474
9261
13599
76765
60355
53569
20264
31602
24925
51556
556
76111
82700
26844
12915
55732
5138
74745
76570
10066
86561
48708
88982
83704
96621
44249
28579
7324
30068
10038
8698
16875
90118
55043
50444
70156
36109
66674
87482
82961
60553
27883
55485
86763
81298
97564
54054
10197
81748
73999
81242
38695
73502
82815
84848
24414
13911
75047
64291
43098
27496
41888
20969
4123
60984
79191
48275
99905
57170
87392
94637
90280
49099
8000
40226
15990
70299
48973
38512
85691
4725
55235
98493
43138
27705
60010
46535
99202
19702
33908
75989
60353
68659
92669
85417
69948
56847
78687
56699
41246
57744
20136
71058
25166
85593
83241
69122
52578
11999
40125
40237
79414
55018
20069
3764
66497
38878
28138
45521
2624
60252
77029
43433
13354
21114
52592
29067
74438
27979
93288
26215
86911
33222
82237
80245
77949
67197
99262
78343
47236
95573
60527
34839
57629
20762
46569
14412
76450
42510
34957
50568
76316
52911
11055
6833
81588
71576
39649
50916
49160
33904
45463
88364
28431
43857
34937
99976
46491
2612
71692
5626
75984
3906
67380
7614
66334
81927
85338
70043
81248
36289
40619
555
83931
24184
14226
50624
24565
42770
36690
12110
28153
61004
74556
67367
65024
3966
30886
64428
23145
78973
57703
1457
97755
81972
72708
10825
11425
25702
29130
40513
45726
9779
32337
146
11760
42099
4952
11514
26733
98348
92975
27760
9789
36746
90099
46260
65931
37912
52929
41112
86067
78161
74194
1459
75077
14810
82674
20718
23417
54648
44348
69104
91539
40785
36372
18033
96494
92353
12967
89626
98509
91051
37966
82402
59046
74895
98529
46997
9496
86978
93224
71995
30148
94002
62580
12473
73307
52960
16370
32715
54823
89542
93358
10341
56042
30107
38998
23227
28144
4989
73188
93876
77104
40165
28617
34205
6469
62184
24025
30428
72229
55413
85768
90273
72992
19810
84256
37626
27708
80647
39892
28177
50503
27694
40895
8557
34723
14031
50423
5566
39678
66525
64374
64182
63855
80507
96721
15130
65911
70359
17660
64353
73698
17405
1955
20976
37092
26238
81738
49448
63402
22942
37254
15152
49385
9564
26829
50993
89849
20262
40997
63689
75681
59898
73885
28719
53201
53877
3578
63029
74043
29133
44161
7050
52847
96786
4714
6324
31775
60285
90202
90373
92156
48976
72525
86297
54191
53199
58983
94900
11601
61759
28024
75305
58008
37815
50193
75830
19152
32876
77600
24533
56661
54721
38136
85682
73835
92387
5347
47349
32502
72654
88633
81819
28483
28606
40033
46994
42848
43677
14038
41158
37618
98974
68288
19318
29253
24877
66755
7115
90984
6278
83848
4148
93128
29205
71836
19103
34551
51844
29749
83601
26320
13156
97730
34099
95346
26465
73702
57556
22885
86432
55681
31635
87856
8221
46830
77559
69702
65340
27464
29007
28347
13262
15103
96286
22641
62797
36970
90467
94626
33590
47528
53350
30366
50255
65920
54608
54510
41094
86065
95389
52818
11484
62166
36682
83553
91115
38716
69923
69611
74101
75036
81843
26578
92944
91732
14737
41724
37949
75279
63825
8305
48839
37479
85370
37163
62810
38599
23205
9762
84989
11334
59863
66308
45043
19745
19480
84122
56522
40183
92715
36360
96974
95947
89904
28734
1487
5949
21700
68284
84198
92814
78793
10850
63049
51618
59279
91884
4883
28860
39562
2835
35489
94037
86580
83975
14856
70493
67258
13044
39526
28096
64694
2435
83267
17497
980
95819
70701
57898
2784
58897
49902
23968
43843
52808
15358
30295
32725
30059
31539
77774
30889
48408
7833
55791
67178
39678
736
15254
36846
58826
17406
76611
35840
63425
40995
16572
49794
80971
25382
39806
93472
84422
25430
93643
98037
41835
13577
52347
73652
50731
67188
17047
66440
23862
10974
71511
42376
16668
71606
70451
11415
8819
93374
89199
11256
22708
36274
95783
36795
25903
48253
48830
99435
32452
36099
99263
95610
87348
58287
64857
93917
34411
6060
22852
97053
3341
40042
85489
17384
51267
36982
92462
80600
92767
51102
83085
67721
72060
47302
13674
9537
70040
87620
60694
46343
90301
42450
19749
68723
60648
14477
66262
68233
72952
25111
47587
19503
46471
82530
71710
50175
73252
78203
81470
94493
33742
95845
35405
14002
7584
67647
48439
67831
71177
58985
26277
69113
83571
62422
98427
67174
48895
22973
90543
64534
45118
10333
37995
40617
36401
56886
26903
40048
34520
58203
22746
49994
43257
45837
90383
76582
62937
86538
63190
93326
28665
20941
5380
91776
69671
23004
3621
41474
66607
23658
65583
61166
95939
91224
27613
54258
99053
92231
70077
15710
2439
36814
27512
20060
84741
31415
17540
45983
91063
10692
10672
43947
50126
13410
50815
16031
22883
63333
11982
35468
76883
40266
36646
21502
49535
12953
25385
25394
24121
96163
5846
62213
57744
87950
19082
7036
25962
67262
20215
1101
83350
81208
8867
42321
50733
8200
89709
44618
47668
93269
20956
63900
90581
2189
22591
71537
26829
71022
77258
83865
98135
59709
73693
16943
4873
37420
86852
93599
96936
11494
84528
10455
8587
91398
29693
88009
31473
97404
32767
91472
47022
78796
370
85882
81197
67936
82381
63862
35015
3339
90065
84647
35824
79715
74204
80821
65813
61156
65239
55672
2765
39503
75328
29556
84848
84594
76494
89644
63542
14893
87093
61531
28515
90841
67255
12113
81634
31319
1249
16757
40540
68528
27491
21511
84296
20261
86038
80448
93337
38169
95752
24140
33574
54007
55306
22394
52657
56450
21350
60623
95217
71710
60196
45939
77720
85831
64170
28441
19203
99194
7005
15157
66833
19794
84395
43452
54718
20973
96948
82540
47461
20888
85108
71553
56217
58293
99976
21399
19619
55150
77955
58427
62519
39906
6767
89443
73389
98545
5481
33699
26966
84994
54311
83115
87005
53100
7449
19373
19556
18153
57741
9744
18176
56040
70783
26464
59897
46455
55242
23467
86953
97670
74803
18449
60516
40617
59091
6236
15334
18189
87518
31425
13645
2644
96303
6277
26797
1201
33155
20984
43413
44985
29192
42784
99055
34235
80387
11854
6372
77211
66855
41245
11923
39056
32017
54596
8064
22668
44129
33515
53644
62784
58684
15833
3169
89408
8940
32304
46844
63153
33438
54959
15371
95085
68399
94559
80917
25948
18489
10511
43427
34198
57296
48490
59110
73439
43688
74631
16480
40960
23607
35990
40315
23426
30908
66335
80995
5892
54767
39851
68087
16950
61711
80095
49716
76370
18158
29267
9572
38162
20623
77000
45576
14091
96236
23795
97033
96047
14412
20303
39606
28031
64354
90132
32809
59347
55989
1197
62033
85648
80952
10148
63296
48710
52336
60223
54676
36624
64702
49523
15245
29562
43608
13178
36735
56466
9761
10461
54748
88595
6861
21882
98458
21522
21768
35939
32887
60237
76498
79725
33238
29932
48384
58977
75210
39429
19458
91461
67952
51881
34412
3376
47533
65652
68548
17184
40172
80483
43474
71649
15348
22683
77816
50690
49128
20525
65866
52797
30593
87695
27779
25717
23364
49240
67793
85246
28429
23480
4550
85457
40260
66008
33283
4916
56649
91486
12209
87440
10289
23841
67492
89024
20757
42996
70640
57597
59106
85402
7952
88365
40237
34752
44564
10061
96527
87180
35555
4373
81739
73266
29596
6805
97674
73176
42138
14815
42717
84340
81097
13686
8259
74563
84987
25793
84406
54829
52540
23522
8075
57820
19129
1293
27427
38395
52387
35350
51293
51522
74020
51228
95974
4058
10198
15431
8172
47318
68177
79747
46221
38580
77058
36494
8262
98790
34129
59056
93558
72018
61985
90234
85565
58053
55049
56266
99861
38341
11226
14500
37323
74243
98090
32117
94125
13564
41246
594
98801
77524
75163
25268
45459
4825
47608
22719
36956
42920
26007
29430
96201
35019
89855
3473
28197
93138
85197
36844
29801
80647
39778
45645
33646
20143
6990
11053
39501
7729
19886
37378
8277
7585
2592
87941
69737
23898
27229
91917
57540
54210
71443
12817
68225
12604
63345
15722
62703
1295
87254
98311
82632
4287
37498
10969
33621
47412
48205
49564
10619
56847
50239
97500
97817
39231
94747
40938
75152
12498
12099
11374
77100
34263
46066
84057
89493
43748
18885
40039
28998
43184
41356
73678
54214
46214
47927
24920
79899
75002
62657
22782
38362
33743
64627
10388
5643
18252
14164
47590
37687
97298
69163
25011
26312
27332
83570
41663
49356
5036
32225
75594
54246
39143
7537
94118
3360
34528
66994
24943
17054
46008
98858
38149
29570
62388
85017
36060
90233
73734
72916
50207
33884
24199
24766
48735
9379
20850
26528
73566
8274
85352
72383
32762
30554
64057
99517
85062
57110
77889
35078
31321
66079
78370
10717
79382
14889
9486
66659
62148
14610
93382
94607
80631
94027
83766
83939
88674
25986
67223
24185
62321
5852
16694
27680
87579
80286
88320
97858
31766
6761
65367
45601
70787
94518
83388
35964
70431
75829
16129
9186
12924
78081
96525
31569
28509
46220
79184
87699
94780
22267
99808
58354
41570
34193
60213
9230
63204
83702
78112
56225
10335
72672
42305
18343
34439
44436
34798
66422
52974
82753
91792
44358
73663
8787
64398
65397
45562
815
74693
91706
4933
24339
22201
56633
23829
5933
12615
88345
47182
79133
56102
54153
28284
32120
8253
38267
5343
60045
38692
31374
59429
27829
16364
57211
65226
28853
6897
36500
72292
68599
89339
27219
18411
46851
11890
55363
53695
14098
13186
11893
68195
58236
84703
87239
69594
12705
13210
24396
37525
43771
24052
3804
37791
63042
64300
89094
83044
36681
69590
51875
1268
79612
32830
60792
55032
81504
52130
43816
14338
42938
76466
18925
75338
84635
13013
91878
99797
47414
87085
2723
92372
33349
16917
22807
75127
48230
56243
70283
22451
68671
47261
42594
94002
26667
95154
99212
94268
88223
77058
3231
54323
39606
42686
25161
29201
27966
53701
10378
25534
40537
67434
17430
3722
14028
86876
50422
24276
8871
27947
65215
1485
15322
65611
75901
20797
97543
4229
84351
29190
47683
81751
24493
85634
66936
48454
32193
50639
15648
56357
46413
37372
88908
76123
83090
35902
19937
2490
21932
70639
88484
61823
41982
56516
7057
97490
11379
51679
10025
37176
59804
13648
70599
15093
62637
57772
87747
52320
27408
37828
59362
90139
13496
70620
53387
21954
93102
95630
92418
10597
73183
95549
96097
94864
505
88180
26696
96612
85012
90125
55200
75559
78008
38252
55573
92554
92951
69261
44332
71315
92922
70607
68676
76099
81870
48440
87992
31669
17465
33536
12532
1942
58943
5070
87259
99172
11042
88088
9070
62930
49285
30717
67623
89284
97843
48306
71247
5368
95723
68042
12032
28171
54472
7624
53906
20298
94787
37750
5952
57512
11360
92471
16072
78978
22874
97795
12945
82199
91847
74440
17330
13240
22422
10825
61931
17598
65063
13904
3216
77120
34208
6175
67323
48775
69390
53523
20549
56544
74574
13171
63470
52930
25939
95387
40997
23317
64181
36367
84335
20163
35719
91498
17375
5413
36049
91686
58430
89555
38425
47690
15155
5389
83132
61271
29757
78687
27487
75729
28732
7380
48515
45020
74243
54112
58034
82207
76662
47986
86167
1473
46150
28200
19318
66968
97976
31821
29127
66379
80636
96443
27237
61893
80646
50694
45967
8693
15344
25196
28283
3577
2280
7003
7152
80152
35192
56967
32285
47347
9026
43983
71167
56627
50365
23735
68038
83551
32703
33471
54147
64518
32863
53305
67909
458
17777
96673
9020
93002
32191
85707
58307
35021
22975
42827
95452
92906
28713
15194
52657
36473
12707
28081
22214
48969
26435
81486
5588
33180
16483
60487
51844
81863
20093
81332
11980
98947
47599
22168
21514
91262
60056
25810
28771
43779
52233
95356
63604
89714
9288
81331
45854
25055
6705
50670
32214
85864
68607
26692
87162
33046
14684
67893
29114
94241
16162
40867
39513
31184
93618
67347
27043
31859
82447
36250
37837
55715
79736
65724
24593
17430
64333
85187
88774
67521
89569
49308
34724
83868
95083
88029
32609
70692
94233
89703
21124
68585
3518
27450
66575
57978
96426
70358
78169
76776
52621
82162
28435
30378
71377
53028
8018
6936
5842
90159
24518
52721
60075
88776
25155
67029
60965
41480
73121
3905
27931
32482
12896
68873
77078
46973
87832
24282
75956
96041
1623
7816
61353
48524
60978
91636
23386
39680
10011
2061
43516
92382
75545
51497
22194
76712
27694
5555
98882
30060
76594
57404
22243
22813
85107
62817
78296
61718
7578
70000
43870
44709
82600
94173
51853
86669
74266
23290
12192
55173
99937
25589
65346
55620
28422
91465
70821
8860
16083
10805
10801
35139
93202
51814
4528
25119
89868
31469
58737
6609
94549
61698
44966
97078
30688
160
1049
23126
74013
86740
87181
86383
80684
53542
58645
50887
83652
56325
61954
27678
96068
55981
17966
65827
83066
15335
12714
53650
94688
83738
70844
6756
57553
51099
29981
97543
74211
66375
18199
77647
71109
13531
68664
70498
83860
67176
96307
25682
79346
78388
21863
88529
55839
96072
61055
25068
41332
91169
25492
95537
81589
66780
54646
23475
9097
96353
75808
19403
51951
59151
2409
27361
51439
33011
47323
34283
97825
40674
50548
42182
15154
21178
50789
44010
55670
686
67655
25312
43274
93364
86250
23070
40434
2770
32665
99670
25998
83337
99169
17789
34002
52921
61591
15761
35178
26359
51854
60762
23917
39773
3883
83733
40509
48484
82091
50214
66986
54864
55218
58923
7394
51542
98193
13575
81610
99327
83538
61708
45500
73880
50297
26745
89739
67986
6760
72406
32268
94639
43318
515
67771
57279
37678
69238
34858
58779
47856
2092
24229
12453
34878
30108
40765
95389
49351
2593
77750
9321
81692
33837
66688
56383
92015
72540
16962
67774
3438
24904
87702
45407
70153
30388
45855
45131
80603
12200
1060
658
78467
69195
43478
62688
38164
97777
81473
35565
60503
76800
69389
79027
19736
82456
28812
49708
77902
60642
85665
90365
46965
50701
15588
19338
31030
44490
77985
61495
66870
57514
90267
15515
80418
12262
58788
91679
8085
12655
63413
60552
27699
31602
13422
6870
5199
1340
80122
20159
35361
60263
4056
30983
74415
20519
84323
29004
17185
3600
71070
24268
13165
81962
15082
54248
97593
25247
55018
60439
30307
54634
43614
78959
13956
36600
57116
90961
36325
83731
87571
84377
67459
71755
72080
46952
53851
28512
91817
5795
99560
32038
54351
18328
68981
97994
41002
82784
73146
56104
12517
67043
85870
41843
98796
3301
96341
67258
55969
42541
24602
73538
5125
88712
82094
71753
1687
27906
86983
44584
62797
17230
32416
44379
53365
55244
51818
60004
74455
62152
89879
26337
27270
29894
73071
79883
17106
50604
86871
75051
15824
971
6858
79351
30651
21054
95427
28142
14763
32736
83435
67455
99067
60824
94403
84695
37301
83688
31006
38168
64652
67888
29591
78158
1592
22770
50493
10492
31029
2963
64221
51883
9837
49663
29498
73437
29913
11376
18951
10322
17873
38191
19524
12701
74206
96371
81076
83570
29378
25060
84284
74216
25271
67316
31510
70079
50460
18005
30412
84262
24689
51166
24739
82803
51149
6268
6710
82291
480
65321
37466
99422
43440
94598
50034
45914
45308
77971
26045
21928
58743
18255
80708
90016
80221
24865
53565
32168
60938
52295
43526
81448
29534
64590
71186
92957
59046
27847
45272
4921
48039
99924
71669
66501
24933
27552
86936
39258
38640
64132
16499
21288
4258
12699
68495
86459
24119
97919
47939
18424
15603
57004
91515
79703
32319
26339
63388
83586
45153
24876
19902
42399
4259
48754
47948
19643
47280
15357
65461
59903
68530
62932
11686
84770
76332
3178
62747
54770
30626
58454
11163
98858
41046
80374
64085
22089
40218
69706
87214
18108
20379
74972
38435
74783
78718
92479
84115
34020
20926
81742
27115
78997
433
71974
71289
54891
15581
55704
42998
60631
30339
78170
84802
19542
25552
27981
58898
37721
49628
28961
16591
67109
91870
78846
86657
95667
70521
22010
5860
82388
328
60106
60104
84644
59935
69489
57816
70939
67163
64704
32024
82934
68239
36261
6758
4039
92237
7065
1440
64131
59382
20715
92542
83681
20173
69644
59623
10370
40120
66179
72810
17003
6047
62627
1796
29867
14474
1270
99226
43809
57252
30676
95980
53244
62092
48918
37167
13763
87445
9114
9123
61699
99819
20996
58105
75212
26189
94393
93292
18145
37936
26874
75692
93299
82522
4363
3298
29815
61892
69769
74171
74897
91460
83667
21617
20713
16991
1589
16170
61613
3096
7637
72945
24620
9370
71426
56555
46689
18813
72746
10481
75947
25094
41430
22642
85784
50425
14263
59916
89765
95037
82888
21283
25076
67005
13705
79207
31322
4000
17590
29697
34340
15459
10978
51310
98530
45404
56785
48539
41528
32568
59228
70630
34407
95152
80954
78040
81631
42500
34650
58652
58107
83099
46414
77410
69774
93957
99634
25732
57851
71980
71387
74139
85359
49426
32722
1742
39278
53802
88712
60582
23571
27621
43212
31514
74706
68535
30789
90153
95844
98322
57690
42681
54263
16470
98451
908
25853
82128
38235
69758
19442
72296
91044
35578
32312
96701
40432
51474
73849
23329
82831
75865
11270
79236
69973
72153
63153
63944
37323
99958
46762
58137
27331
26923
5468
72207
31937
14573
22621
71807
85818
12461
21130
35746
87755
8294
14146
98694
9980
27154
52497
22203
28912
43259
80204
9162
6087
53447
41151
33294
35988
45901
43102
65472
36872
40959
99847
36805
79285
58645
69486
85221
47555
19822
30153
26809
66997
5327
18559
98530
3332
46527
12827
40700
73464
21525
24134
89080
41006
21267
57527
96335
17585
5422
47027
87143
42663
36250
65420
54346
66478
47844
73105
66969
19950
30175
12886
1942
92682
82257
20667
8365
25598
79430
64219
52814
40009
21548
58537
2718
75866
58359
70476
31002
16221
77225
85858
8959
83873
17784
31097
52519
89051
57270
95135
71486
77422
80180
92373
36023
36535
51377
61689
92568
88112
98501
1825
2195
68687
59089
39119
85413
28842
67520
63925
15873
6225
89315
22896
65169
33235
46474
70873
5197
62547
36091
97814
43006
28910
30481
85300
14491
93310
88300
74352
47650
66593
99234
9495
60311
66321
46747
66289
85905
79047
89770
92886
20946
97997
58600
75783
97323
17586
45144
48729
45932
54549
70498
14089
44083
52631
57042
45045
31819
68418
76614
69070
6834
79713
13620
18502
88012
2109
64030
73462
26469
22855
38564
78945
50077
6254
66173
9157
43531
41575
20509
34904
3942
28112
93165
8978
44851
38855
36878
91905
78935
44310
8848
99872
58101
8786
41405
76278
77217
95303
21322
77567
60999
86303
47408
67252
15056
89793
16942
23260
20734
3729
65900
24697
18020
57630
54557
28682
62108
20981
83214
36922
45353
14183
98519
67307
49206
5405
77578
29885
54990
59543
62475
4728
40167
71795
268
59555
21034
18507
57296
95295
30619
44984
61921
79289
70930
24669
25084
65014
48143
97276
57736
68852
15619
28033
75116
42944
68071
2858
34667
89423
23375
86417
25681
89939
42683
91169
13062
2047
90535
65480
92191
70894
49930
31696
38237
33953
39110
49463
94571
88521
85215
26954
92453
39064
64815
11529
89846
95200
10333
70536
34765
63522
19424
94058
46876
27613
3030
16429
84626
22064
16013
91196
38433
85264
4173
29876
27839
67682
41313
79038
42481
96576
74011
69542
68138
20930
59331
6661
19681
8829
74639
98306
91812
74687
3367
52874
24638
98688
43084
49643
98191
11655
28672
86117
33655
52917
68970
86388
75417
50777
40888
33820
84252
28323
91296
17127
66538
92625
87420
61620
73051
66017
75324
66631
17182
34533
14034
10444
69122
65074
45364
39011
45309
54023
72623
65878
18059
84885
82995
78092
35558
62881
44495
42222
89666
44060
69425
10688
48760
54933
33389
81861
79855
23912
56736
91573
6569
87992
82633
61268
46497
5993
86284
17314
87834
33043
90734
98878
78264
51331
97973
151
78748
73174
49888
3899
84181
30523
74264
54068
79002
25452
79874
43467
87480
92859
49961
8119
48999
7005
78589
37452
12778
5324
16680
22701
52321
37940
727
48531
44129
60708
73480
31509
180
54971
32361
85512
49299
54621
81519
38643
9632
55001
59756
23503
31593
69002
88491
91984
71557
32691
51921
58286
41564
95163
25112
61968
49578
17826
21782
89053
99961
67206
75221
70584
33493
95295
39741
48734
76799
32643
88469
28388
29328
18524
94569
90822
75620
25644
18748
94516
77938
94367
66380
8413
85148
56055
49060
56180
76938
67380
32925
27662
81814
26442
1359
95475
98127
16333
81785
44159
22847
20497
18541
7422
36630
53204
33687
45282
26876
1716
90041
71596
5817
37602
55175
99936
64597
68269
48548
29152
40711
22568
55493
67104
67741
29340
30195
44885
76561
61513
52498
84160
82650
13453
99815
43688
62581
77359
85445
26050
90942
50932
22358
66919
8158
44031
55514
64356
82131
30878
49786
99816
60086
19156
22071
13776
58365
46185
97864
34212
59640
95223
66705
13814
89197
33047
239
28530
59217
91442
98231
71390
73512
45010
54102
98758
5251
4645
12854
53973
82141
25448
39507
57850
89347
82517
15992
141
26985
35058
26918
79172
71489
64538
97984
34334
91419
6618
66236
28331
45350
29387
12321
310
38641
4163
63442
27255
52336
93447
42695
69316
75821
85444
60734
80327
28506
44279
68361
92249
64793
17271
38319
79308
43813
3072
74478
99193
75334
56766
51464
6466
90612
73622
22050
39214
925
18657
83220
42379
32340
54825
84299
23909
72599
68780
93418
73678
52914
49361
46473
59904
73449
32496
87605
1880
94282
86479
4568
48060
48660
15494
95927
11764
36896
41323
25072
75022
22739
20357
81083
46339
18812
72398
88368
67833
48365
421
7284
33212
85358
29775
32509
39351
23615
18942
9134
8980
6542
42597
96450
53712
52844
97976
992
56557
63058
43325
56461
17365
78365
81495
42964
9916
47175
51623
85961
87775
48758
79683
73103
4498
2762
32281
60331
55713
4108
37847
78100
5726
44862
47911
40292
32335
48083
21904
85924
72989
91098
63073
50969
11051
21911
20492
47636
67190
24116
62499
38229
82624
62925
53872
92594
17716
754
52191
13447
90649
51673
76614
38935
93273
69222
27127
83587
35450
56480
45154
53883
71880
3497
1587
33376
13233
71128
25035
57591
22754
44247
12631
82318
37953
28645
78625
6129
65189
59599
67133
71321
69671
52790
9500
46362
77034
81403
90146
28930
25719
62899
57789
26848
55810
56697
70033
1391
73259
60996
37061
51267
8032
60785
77403
80710
98478
58478
14842
72284
78501
30675
13692
4475
48926
8506
92081
45423
29921
63568
82612
97556
19928
93646
78956
34654
82010
79441
56270
19941
51690
33456
18619
80129
24237
3556
71778
74926
96898
88968
68661
7030
62473
75835
25807
22971
39520
97222
46984
72172
84646
60020
43307
25553
24053
20125
55484
5891
13910
67534
58021
43731
20207
25614
92229
34920
70258
23471
96382
14626
20716
37171
12732
11377
55066
11577
85556
56492
41710
42713
4397
83242
58899
98223
80468
62776
72534
79186
98513
66171
81236
68478
91543
42286
20184
6964
528
78563
68782
9868
62334
8075
21774
5575
93196
49135
62585
77862
21349
95730
57355
67539
42193
32861
44615
2477
26477
81303
78085
26472
91795
70737
20619
77794
59228
85711
41472
2206
74690
40107
51129
1589
77882
5301
63586
7790
44664
31150
54066
38392
89517
81265
98539
27134
96926
98081
36834
82662
74392
18301
25238
20269
50756
59333
30798
61248
39229
51275
11454
40327
43922
20160
6398
75123
66803
35240
83158
51727
29524
61510
50299
20568
29017
61253
82043
75598
96912
45318
31087
76478
57765
90297
46128
57225
78993
5149
58322
91879
23994
70954
27135
69731
14835
99350
91177
4367
25678
11070
66593
10278
74270
89429
32982
70246
50850
80215
80128
79733
72414
12208
25775
55347
25182
1620
13920
43848
10440
5440
72193
71791
30507
40524
18857
98728
68777
41315
4349
50175
50011
49841
20774
79541
22757
3605
51964
48081
63622
66274
35180
37223
54077
54916
61826
46447
60082
78939
20402
84606
86934
45363
16067
33990
13376
80133
20387
32604
63042
58989
58226
63170
4581
74570
87796
11055
66846
76849
82751
81503
95207
2379
4212
94402
8405
48518
43205
10013
68744
60720
54417
6909
66611
16757
70340
39170
13737
61679
49942
23163
84543
71959
73040
82749
92623
28829
12012
83505
57255
96637
44353
51675
7725
66243
7080
95316
59991
60130
77861
86962
99588
23482
84935
76498
11662
30143
25213
57578
22067
44682
29206
79521
6554
81312
64277
52040
8641
8879
72786
43228
31115
69240
70609
8177
55543
19247
20450
65090
23860
18676
20664
13888
99704
61515
84126
2470
20612
67320
82779
93837
1895
57947
69530
54885
73392
42634
32363
41417
79055
9186
51260
33132
85279
32902
24497
40109
96923
27423
80915
98810
48150
32465
14274
40376
5747
7217
97757
98268
81056
18428
29945
5022
29886
24504
93456
78319
58238
77162
92465
46455
43148
2935
90371
77577
67618
72717
22812
73158
22771
50568
21980
41203
68462
29997
83338
94420
32107
4126
75387
77857
37446
24562
43041
48704
37384
58342
79323
8419
33352
11850
54808
38348
35617
31420
85982
73844
78268
99988
27350
83863
12020
8945
52932
94483
42488
34457
18162
97147
53624
23401
45391
72005
18591
81133
89547
6439
29914
75097
92187
4763
70592
25990
78963
52936
65251
31045
82525
38934
76924
35778
17276
31713
53691
88021
64262
50863
98173
56775
11307
79108
79056
90238
88640
65215
54142
43074
38223
58270
85904
67483
74674
47282
89732
96899
17162
64992
75498
37791
67401
13277
80807
28660
12619
75828
25950
40295
53572
79806
22400
90897
98106
1032
31481
5263
17871
34427
67678
98492
63157
88698
96984
64148
29248
37878
16855
80823
54439
92733
84465
15894
90346
98110
88263
23348
94200
81187
95892
45823
90407
64404
38923
17540
11159
29041
16531
9605
26757
15802
353
23876
22586
72510
935
60284
76485
59915
7307
11870
20498
55465
14138
52851
50676
40431
89163
9200
81774
94168
45038
38259
68809
41761
4597
91862
9010
3836
84752
155
982
46345
93519
83508
53039
92610
20033
45459
46236
52638
19642
35848
31295
49878
79274
5948
91440
79111
55199
43298
35841
30753
504
51323
94898
36609
56443
25733
31751
32115
10792
1350
89211
96694
19135
50727
36494
69195
54476
73599
31263
59795
67035
70619
98892
35378
88935
57395
73070
60036
94944
33578
10673
58266
99736
44584
1007
70665
24385
48227
36310
38518
22551
79719
98744
17906
37270
99449
21286
56150
77479
76514
43137
17516
4723
5708
57967
6672
8110
21976
71430
85691
59992
46641
34308
82548
49671
41425
53873
24666
46109
79636
85298
92984
97871
86667
70014
46519
51231
57398
77094
34498
73837
34185
86379
42244
12276
63702
35757
13237
81657
65137
77425
9804
83815
91353
5549
24976
26040
27645
69133
38680
74100
38003
75422
53470
36325
94748
93294
35712
47902
73584
65334
77594
94885
73070
25775
46714
83085
72824
74619
9448
77453
86304
48311
79382
4621
54294
27211
802
292
28087
74950
24671
91558
5815
18572
34820
43261
93407
11550
94548
68384
9069
36252
19285
54156
88812
44528
74524
52942
23380
93665
14762
85118
45638
7405
85576
15251
98319
13411
90708
46199
61587
14263
99134
77431
75998
90826
56920
76068
60915
29816
98710
29393
24047
3543
34289
36877
28179
50828
85510
41602
18135
71983
82001
73893
45321
22533
11984
19349
60300
65378
76943
16827
22983
21254
92816
35673
96932
53091
26095
42233
66300
47688
89348
80120
60984
46233
62098
58803
2438
6454
57024
12823
96668
96369
54076
79837
16527
24289
44997
71722
41622
60814
592
42672
91274
26320
21217
85301
18058
37521
21112
90110
62698
44131
98617
83579
9797
85955
89040
47766
47633
26264
10580
24627
2879
79804
11556
20609
95157
10436
44951
10169
74545
51917
15787
18212
46221
57323
85087
45967
41574
42319
72786
35159
24580
8558
88889
50406
83721
46957
27040
37984
2738
72674
86532
99704
14046
43159
74210
13740
44847
2596
39665
53569
52427
31865
84850
60740
51941
20402
29516
25773
27314
77131
98327
71821
19317
48256
87064
63631
63523
20632
39947
2950
83294
38855
70891
49902
872
46084
96207
57456
51468
35073
56906
83106
57890
52658
46202
88732
6191
5585
47961
93439
79511
22161
68832
145
42101
98449
20561
40740
98576
6808
5307
15384
19808
7027
59053
84591
17980
51565
5514
25604
36123
56543
20638
56507
8567
54811
25397
49946
43726
9610
33253
99157
60808
32795
20126
6449
67128
48305
17474
27263
33618
44764
18895
9790
53145
88806
70514
93970
17381
35822
63960
46778
66945
970
55528
23366
96170
290
52002
27504
90270
23398
75699
34323
16041
35606
5554
5683
3640
51724
67166
71119
66582
39840
13728
64456
75754
1592
45720
80687
9604
93518
32784
27954
77098
95341
28086
7867
62749
11505
36356
55062
46067
21602
63405
70976
99867
58098
1799
5051
61511
13125
62358
6970
52013
76392
30683
57594
35206
63925
3084
66916
85490
38128
36971
36812
27747
7526
22440
9734
55770
94467
39889
96439
9608
82091
97282
53830
88031
16454
47282
85056
63105
67244
63095
47295
73617
45640
64526
96723
60647
98510
91821
70207
47705
86113
79569
86060
32050
60733
48132
10516
96060
13894
36216
10962
23911
29198
74910
37915
46737
3272
40392
96580
2009
12029
97403
73285
15713
79812
12018
65601
61421
24941
21403
75812
75846
28040
48998
78288
8287
70631
21567
95957
40346
54868
55269
83370
74756
49087
9776
89520
90584
84277
45898
40426
91626
38775
78319
4607
37843
66106
89495
16354
54873
75863
50300
78716
93082
67643
8841
27128
97037
81170
92426
38527
90614
2791
61560
41995
25444
26332
5528
82160
18996
49648
38851
50287
66660
72419
89388
44463
6690
32249
81379
63903
93074
79925
54440
16424
3657
10444
2282
73369
57474
69729
70611
27057
60278
53848
4177
9267
24719
44358
56434
88459
22020
54851
58285
87427
51649
52179
67644
56793
59177
24717
72479
19418
48428
10091
70579
64229
25399
23072
72758
92587
42359
45940
4914
2161
47556
88089
84268
14888
44473
17900
16833
12501
31760
47281
84944
70197
41880
36875
64969
6475
39310
52576
13764
26321
12839
29998
35294
71586
22067
16746
46770
63399
30195
59633
5237
78141
41376
91459
65402
48530
81829
36438
51368
57560
93122
78117
48403
21525
77854
46061
50499
78917
75575
52010
6651
59043
40166
68949
3320
28524
74336
61860
74814
17917
483
88129
56402
12006
91916
60271
39764
28058
69901
70304
18862
94878
34097
42486
16919
84804
32490
18820
73104
32007
76962
54441
76794
61418
12711
37329
57300
72933
50454
72947
64540
57070
26888
73077
45017
68279
12119
70542
41980
49391
5753
2792
85543
90149
97066
88543
65681
82433
79279
46384
90172
89378
97332
27552
4357
41919
93223
87878
32749
93203
86941
75349
41188
50827
57507
81759
80536
97409
96133
28500
15951
49214
12670
42830
2748
33502
51986
14995
61743
98039
49893
27067
37615
45141
18222
42379
84901
38749
85096
52126
40622
40094
76924
40959
67034
31360
21661
58253
65992
38371
37426
69929
10406
59770
6935
63918
49978
298
95431
26025
57282
62109
50267
36681
92257
84024
40510
43419
32600
72091
82590
58264
3884
76596
64658
17076
76123
12968
36523
31140
98491
67800
11030
76703
80023
52322
84038
75578
19218
88507
67740
14311
87917
49876
77467
24639
98229
25429
76760
53910
26772
33179
94200
75100
56830
28541
21520
18313
5212
19400
73889
96439
85096
8294
64448
20818
75014
88431
70036
95351
95056
8217
46993
50856
18059
45079
35075
37955
69247
9035
76814
27860
96886
65369
40899
57275
19748
56056
98564
60738
45864
86673
84026
52039
99775
95206
37039
2560
51960
23193
76771
52173
42036
77762
62644
56159
79802
93809
74954
39852
80854
49868
11528
11037
67690
10747
90662
7507
35739
15703
53395
68945
56068
85321
76398
17804
69270
83421
1798
2721
32388
63158
32392
36793
15206
32013
62397
38239
61165
76269
61239
23691
7495
28869
63015
57913
69979
39525
79095
39601
30637
85888
91416
19924
19472
76909
56889
66625
39874
80284
8927
24815
75958
95793
9919
18648
91053
50670
512
75696
59995
14473
6647
42135
16652
7728
41959
14188
47986
98251
23458
16795
71445
22299
97747
75888
55432
23250
35726
7078
57791
1351
52787
45088
53662
34625
86487
73249
50348
3530
33040
76685
55721
21822
81660
45541
26440
27858
8299
98027
88343
49654
72266
40911
67252
83981
22590
45043
11897
20891
67360
60634
7944
28792
98077
73541
55846
43967
15758
92408
95515
22879
57098
82746
26000
68905
64378
20131
3429
88673
73706
74484
30482
65638
81249
96051
31275
37375
14906
34454
71470
84417
1158
20600
79966
39082
70494
70943
68842
7887
94722
53338
81801
77400
35044
57330
20941
40143
36239
14609
11182
53220
78709
12918
55978
47003
48035
10425
25812
95359
38494
194
13658
38746
87635
34384
92591
30971
91002
65179
93113
35665
32543
72628
97304
89804
80359
89095
67947
89280
56116
486
55842
9188
47653
97737
48081
99273
82807
62207
7753
40403
9095
5125
81854
15351
85867
80346
73443
93436
79508
94936
56044
32345
6946
75319
96329
90937
68482
76966
49099
72600
73830
87078
63460
29914
68303
99524
74335
4157
88746
80039
68581
43949
23157
62932
68512
32022
94114
67600
68708
3762
48783
50446
31572
88971
91304
89116
42458
37316
97127
45225
27232
62663
63569
59519
35538
3233
86653
16223
90798
9760
68381
65394
77277
5155
85227
28039
46121
82188
6740
39392
1045
31720
46972
32021
48311
64167
62751
16249
16321
22069
62040
70090
48391
40376
56675
59277
38591
58357
2917
2865
95048
81728
72758
8179
64258
20841
54238
63325
49771
71375
60222
93316
46922
13068
92841
41326
48047
72837
10912
66014
48893
36171
80222
31962
62256
1455
38132
24116
10452
44567
22062
33448
52647
53914
6437
87798
6414
12759
15493
79908
65073
72796
671
68454
15946
34163
10021
53994
27710
64021
19639
39385
9765
45899
35712
58578
59674
34567
10032
93809
52750
14838
709
36242
88514
22908
36710
74405
95213
60113
93064
57801
37966
41083
77161
87149
87717
95041
76967
61127
3305
86103
16343
2165
92432
21384
50757
12904
38508
28614
16073
55923
48658
65232
26466
38499
50746
47895
77183
79116
21129
4616
87842
99464
64415
6287
87858
95223
84361
34820
82778
93439
29647
30715
35050
28266
83832
90653
28135
74565
38455
99667
96656
62045
46793
45641
92783
87158
71593
87590
7693
53569
58018
17878
28460
32249
17562
79349
86564
74159
31861
38573
60539
30197
39736
97169
44871
59037
29900
58966
50093
94053
89954
13857
28850
12786
70544
35544
76110
33723
86415
28908
33837
58822
6850
62169
61726
43965
2598
52089
69953
73006
44493
84298
99621
55401
3184
17241
51722
32398
87806
78783
76360
41170
93416
69864
79829
88550
46150
44762
68856
49552
88309
63581
6543
52598
24109
4905
24052
86298
57803
42184
18808
12850
61467
60965
88196
77104
14956
34279
37493
64565
56044
17662
65745
79075
7805
40613
44019
12700
46511
89008
71645
33213
33091
4988
62361
35502
57519
55809
62516
73516
69350
21240
42024
47576
22116
91871
32007
25238
74672
11594
62095
56876
59153
93523
81061
81085
24417
97113
26902
46609
82201
23074
3335
45008
95716
22589
79235
49868
41568
59926
55000
82989
82870
95747
35675
77395
87950
90021
39733
92913
53611
67341
62942
12401
93459
2093
35109
33939
23567
50286
17348
66189
1503
1894
74046
85063
41105
43504
69747
62067
6093
49989
7447
72241
33049
82311
51244
97314
46591
14999
33705
64620
12215
12539
40413
67181
71446
89781
5275
65538
58965
97908
31968
39556
12527
87193
82298
11918
75777
78960
92417
20749
20162
27812
27539
32587
40002
30132
74427
98084
71252
31555
77562
99501
2649
69256
60247
47637
18679
16243
72197
24383
836
94640
67282
86141
39632
71877
96862
30383
53136
19254
6079
62558
17471
97044
80307
94265
65614
41034
11707
68896
69734
90750
38294
5030
11337
2323
63534
230
96122
85444
53602
6950
7525
74823
96156
73854
65738
94610
3105
38891
56488
33879
24012
46211
12287
63083
87085
11048
56579
62292
83678
79217
60295
18703
20037
2204
9132
69345
52643
83970
87111
70407
46692
78070
37661
72208
9113
55683
21570
84259
37875
65806
91092
23926
25454
9414
55795
86395
7965
20580
63815
82197
71677
86561
75794
9609
88963
31984
60869
35073
49481
25235
95260
92234
74053
28367
20659
49530
61482
27094
23104
2390
84246
39865
293
40733
81955
74768
98531
47733
8603
76628
99380
43179
1950
79704
89459
78641
17949
95533
85834
74967
4101
31497
99675
84905
45259
89529
66925
69546
36323
61322
19970
62214
35215
88126
29232
49240
46447
59103
19612
12110
1546
27488
44013
96377
53969
48222
78898
25260
99316
91747
36598
93035
68749
70893
82677
19024
3904
8453
30848
70997
30781
4741
96373
42703
72925
33620
32867
3219
19112
8764
89174
11288
81937
62793
3904
84009
20724
35400
89109
61114
12183
72572
23445
51114
54102
21726
8073
32075
15942
8538
59705
42857
95726
51832
89576
12342
81869
82709
37509
46898
46864
9390
92606
63125
35346
59920
43341
87110
67308
11754
62886
43418
62005
95969
88000
78817
63230
87912
35253
90964
56993
41483
65433
57212
76433
2237
68876
61175
48800
36169
78667
39673
8289
12940
90174
42773
30213
80136
83829
933
11172
42782
39501
75815
20098
98632
77488
162
5091
45613
70582
22717
82131
60244
12336
40815
64666
96283
1063
5252
70957
41159
55883
83605
72190
14154
37048
95728
28466
81629
51820
33085
69836
32936
22100
83269
3761
63550
57608
65127
68953
1175
18772
30352
71197
72869
76565
11234
82098
69864
23559
11948
78293
23244
25278
61139
37303
74461
50427
70540
58119
45558
64887
39945
89823
78344
13075
29201
87798
66737
10014
37654
67042
69862
90390
42710
55963
66030
91177
92296
32850
53010
5001
56421
35204
14316
2088
7829
84002
60852
85222
74893
51954
84902
86982
58560
10710
68904
22681
76611
3705
36592
82773
63726
37921
15989
11156
78446
54998
25302
85712
93237
852
68820
4288
57819
37965
73006
91914
46067
63544
96293
67592
15562
43929
51193
67125
78894
36075
63009
72976
50028
1911
30301
5080
1176
65179
950
58506
70231
55909
15214
8749
115
77869
28815
1356
90324
67663
56650
62529
64014
94791
39972
36930
35356
87607
18329
11562
30473
98795
90919
33534
81489
14171
17508
25455
28563
99561
52463
44306
15017
80763
590
73777
1600
86406
59758
10980
44643
35514
94179
48402
91932
69560
67678
74363
78273
36704
8155
79217
57866
35893
82353
35086
47421
41620
44119
76406
33000
68684
41178
94914
66359
97904
8539
19610
48147
3130
95831
8069
1569
38251
67384
75630
82511
48358
11463
52539
95966
84157
46843
63824
4801
1226
8211
35083
86429
72391
24291
67988
66080
3086
2718
22480
24120
79836
6092
76533
65910
43775
19924
88605
88621
27778
84028
4082
12553
84962
94112
50954
61390
55709
12687
27963
62344
23540
13726
63977
90847
86763
18927
87335
34601
54213
26460
33223
69708
24253
63441
97969
66107
26822
39079
69554
75062
92776
54943
9969
96548
76477
38934
75260
77819
19154
24176
37369
42835
47742
35200
73821
61799
19309
40715
62041
80420
65719
84062
98441
16295
79063
98380
33681
88032
42274
13554
414
61741
12969
20261
82381
4273
91203
52261
36351
71464
34484
1077
88183
68800
61230
85847
46162
71103
95980
47037
59640
76964
59041
8555
7533
53909
59972
25534
79881
46848
29339
69248
23038
15631
53642
22099
32039
29954
40673
49039
71016
2079
41786
12844
61991
62513
11959
4884
40694
15309
50237
44893
49880
56806
863
56174
91390
37190
24246
5635
52620
41057
22329
38765
74323
52824
24376
434
81565
46624
9396
40618
53923
21119
44340
82494
88489
87082
96093
65216
49078
54772
38713
28809
12220
81055
45624
17378
17182
30900
2151
1218
73581
65128
21363
37340
86305
5881
58704
76187
90346
91470
65869
8582
31029
84187
72539
20465
11147
26137
65704
33854
70935
74016
42932
57798
92666
10161
69168
4136
5018
51944
34214
42216
26112
73766
55737
26953
35034
46488
98727
50056
11700
18920
10309
12620
70092
19138
67001
17354
97742
78309
60838
458
48176
6871
45837
98101
22178
36488
67314
34439
87681
17247
9033
37085
47958
47212
60201
59244
18139
148
56801
25850
1768
32295
72730
47609
3176
19141
29438
21956
28155
45504
73246
51002
35197
37856
80202
52568
14780
35894
3299
55444
23928
2438
9769
57750
41003
38995
13666
14663
77468
20642
31354
86750
32761
59674
83531
86052
76175
46940
34062
82391
13933
64096
77342
33258
84220
73132
67922
93183
48733
36779
12097
20935
93238
81510
14306
74875
18000
40243
12537
10347
2798
89106
48424
33389
57272
11812
25194
33547
29659
60069
34949
26313
21893
95102
86379
68371
49156
15510
22600
93074
75448
22690
56357
96047
12357
15922
444
89162
87356
69785
31506
95138
67861
42281
74725
55368
67861
89967
73659
10974
18105
98880
64482
21293
45454
78219
45703
63805
74038
55926
3241
39603
59205
50634
8763
56462
86813
37463
82144
55689
80998
78003
98391
82790
37582
87629
66784
83808
65738
38171
79965
33777
17478
61454
1531
99377
65792
39099
48246
87625
54321
25837
14287
37536
90186
52292
19963
32535
64928
65720
47449
10004
97768
4584
57701
88853
54534
79148
98920
79793
68367
50366
44200
77824
44247
56900
29141
24001
46226
40258
20048
49560
4491
56524
90393
20504
51095
75356
89974
377
72121
87028
4699
32546
78411
44657
48660
95762
40951
83563
60518
68690
49352
7773
4828
90600
17642
64753
41371
15706
16415
85400
85602
72821
34640
85683
42215
30754
50336
39715
74262
28539
83900
54542
30822
69843
43435
68607
52770
52703
58052
57928
18040
38634
56560
78688
47188
84778
21151
49789
11242
69485
46551
45614
92834
51934
28207
85237
1851
40556
55250
59170
64928
62518
74807
21084
31576
85862
81999
45452
2000
20268
27421
8355
9057
44130
4418
21984
85182
65441
17492
69212
36557
90640
15791
59506
94809
76194
28079
8705
20875
57920
83028
57208
53615
80093
19590
75293
16545
69082
40718
71005
25900
29739
30127
90895
87609
4912
57267
58632
88265
92243
99190
67135
71712
4630
79947
86576
66474
54012
76832
52462
39065
9185
63563
63223
51939
80098
18884
84123
54243
40850
33431
93524
87863
27270
7795
18649
825
73681
17426
80955
59938
78520
39730
46636
97616
51719
36070
51895
87584
30899
74460
58209
42947
26305
79601
80502
38010
63354
15530
4188
81815
23743
64167
59511
4582
64969
87319
35120
32648
16023
69886
20286
46417
53291
85211
82220
66336
510
17608
15678
5747
86188
91494
15761
33502
30956
30859
63788
4416
35565
98862
95025
15526
18541
54478
43456
18125
43207
69979
60148
53210
42496
24608
80597
58345
49471
61355
24174
23873
26155
73185
74040
4024
11620
24164
72918
32517
66200
59240
4889
35208
22863
41707
66323
73445
45457
28403
33506
99054
5173
62382
84583
82239
22711
90206
99059
44661
86641
31915
11323
84862
70340
13137
9727
79889
37585
59378
66148
36584
68494
66501
24345
94860
5194
43363
6641
49816
73859
76500
40993
25984
90829
62584
84652
7556
87006
99960
31586
70056
42495
27954
58871
18613
11338
74532
59233
81514
63080
41721
16048
92960
39294
17964
73322
97238
56053
27784
30241
6246
93965
23998
55120
23123
93298
21305
98753
66209
17586
40011
8750
46336
46123
5722
93259
65568
57120
43341
36447
66153
14277
7092
29282
13973
44452
61838
16059
61735
93095
96914
63367
6515
67761
64182
73505
54021
95844
17397
20048
58689
13841
74540
11739
53167
86779
56972
96921
38146
29696
59280
69575
27986
90398
49796
96645
23362
73784
20961
67739
22539
12561
92525
65378
18467
83190
32315
84804
91946
49110
25416
16830
1141
30171
99935
67278
88004
69963
77120
38249
94379
19467
48006
99253
34030
57279
59852
68852
62591
23954
66029
32159
60999
52477
44196
63950
88808
47272
92368
14193
428
12954
9279
59140
12706
29974
96353
53461
64928
14757
35281
59209
87029
51302
33166
90176
11709
39527
11911
35037
89285
39549
20404
37655
15653
70511
92319
73389
53798
52480
5850
41425
4248
61622
16883
62246
18020
79367
19490
5809
83453
58949
40497
24789
61045
6721
46776
80140
91245
25753
98765
34561
93649
95034
42378
82848
30997
46484
50120
42065
89194
54750
57218
27920
15029
37660
70177
98048
63800
54714
56004
89323
62258
2400
81214
73083
76486
11569
15512
96331
50662
32068
44936
81080
75626
58421
14722
35954
89255
28651
81798
12631
26352
59898
23748
52058
23028
25008
31006
9002
42259
3785
52037
65857
40172
49227
13004
15831
6411
81159
98350
32558
12715
2513
30184
99669
17834
85362
39741
93283
9707
66037
43500
68338
62208
37082
87678
27507
90621
81043
77439
75456
33178
23930
12401
93757
24759
69342
15635
34010
76745
55241
90506
97923
35578
94343
36069
5387
54008
93435
36354
82321
35787
25100
81667
56983
6658
95890
13462
91678
93771
61959
81024
71449
80875
76404
74288
1532
68787
31271
91629
12589
11585
44357
83968
73505
36232
84328
95652
27453
47032
34745
42424
9621
59531
90971
26494
29935
70964
64330
9466
5238
31444
15136
38848
91692
46803
14951
23663
26254
5332
15579
7363
39877
17037
82901
83201
98527
58115
85146
56975
71199
48762
694
13854
83221
46161
69469
97047
81077
25448
89573
9824
34281
97449
73430
29133
25283
66942
67050
16425
49287
1346
38062
63591
28666
44138
39187
35088
89332
15855
59582
90591
51769
34726
337
26807
76411
77348
15928
21751
23913
25007
58933
76020
66786
69434
60796
51370
68033
62978
62916
1802
72188
57993
92917
79124
98810
7761
66090
60150
82463
999
27006
87438
10342
93488
59248
47872
40193
17671
2267
43061
36310
40525
3167
84660
53390
95971
88949
47664
71153
47491
93250
3669
14247
23109
40006
82245
69755
45775
58823
68091
84947
48637
87711
94003
13175
96953
42118
40239
36502
58569
53938
35220
98243
51151
94550
10353
97682
66355
78895
30541
3559
43175
5905
97268
87287
55749
58667
55996
22445
9860
35123
52898
32123
93115
2833
53852
63292
3278
27316
10068
90473
74668
49146
4181
42680
95611
35828
58455
20827
19292
97920
32814
76509
8685
98971
32862
77883
44545
31760
64042
84640
73277
95577
10746
28793
12335
67294
96110
37269
93280
67675
73551
25309
81738
95696
9009
79961
70119
39161
5397
2969
85083
58917
50924
3464
19381
32167
19442
47570
68732
34295
46145
28114
41602
78669
21282
16926
12560
17179
81665
95304
36690
7457
55164
40312
5685
8126
11576
89522
97428
29743
90088
28958
29523
79719
81671
58922
80674
22949
20049
46018
52127
67289
68908
41308
28633
45590
13966
2364
99343
56414
81211
33791
10431
32819
35872
29022
54134
44901
74736
11518
19909
86763
61947
77795
5931
75121
19098
31631
28413
47387
22303
10379
41771
38690
73338
88462
25769
32861
43625
93692
64182
56247
37170
70147
40724
92656
97541
592
70870
6512
81383
16210
80304
51325
31052
24868
38907
62800
2290
36231
83170
4718
72411
44962
713
61455
58269
77523
100
99486
91282
46719
19626
8638
60537
42277
26587
24403
25962
56052
78980
78645
18838
37369
67274
97701
84537
96380
96887
98938
90221
92124
37581
48118
21858
1930
64531
58233
38342
50118
48659
80350
26024
63016
20951
15314
76911
50920
81448
43783
49035
43336
54020
27920
49656
13567
35091
50178
26437
7081
21433
46167
25945
63650
97813
46079
83123
32891
95779
67255
66350
57743
97219
62647
29405
36065
402
23688
58299
13269
56521
26948
63454
97473
54453
52438
63081
55718
63308
38016
19306
49192
34482
28322
97221
25237
16594
94842
12434
41803
42854
41945
48393
93342
98869
53081
2763
16849
24590
13459
95881
72835
69041
45638
781
93010
78312
38563
22966
79700
99388
27968
75598
47140
49887
95878
45794
130
30929
25559
95980
70416
50832
68083
46403
33450
45551
25966
11080
8006
26591
29887
39719
73092
54952
18364
49137
28305
44219
32990
86960
75734
63484
3655
88656
44288
87454
58266
36190
87503
37459
86571
34752
318
90734
87137
1786
32094
71678
27321
12167
85640
11276
95193
59219
13202
3987
66407
72808
80050
35451
43361
67689
48370
82435
76147
79215
35659
26431
41371
28145
22428
76936
22512
15322
3130
91339
75613
72617
71985
54704
7450
75240
94489
94844
138
85852
92464
48992
16457
97213
16629
76252
34329
31999
68177
74427
98274
90975
67276
35132
36739
23656
98838
70714
28915
26926
26813
94331
21693
49912
17517
78720
38015
97873
12077
39821
38058
90989
83590
7440
71723
40924
31626
86975
41995
8650
80182
60347
71484
34545
69210
27119
48343
41037
89861
94090
12557
2359
42097
55825
1787
44253
55946
41566
73369
32746
3063
61663
20367
73603
72457
78081
51349
24679
90231
54529
13414
33684
52272
56852
3252
66533
29128
85905
56656
42216
11294
87175
71931
43249
83686
44989
54101
64563
15318
19515
36940
22025
20923
25158
48607
93398
93570
27938
42083
48167
40708
92811
30879
50044
82693
59327
62839
17989
194
28763
15986
34599
35577
68681
39673
52418
47666
33336
49771
12820
99078
15776
66335
11429
6315
15656
24488
96362
45585
32411
59060
42265
2189
154
167
79081
6698
89722
79832
46128
49874
65904
5815
63519
91717
37270
46243
67832
30969
42778
48331
33867
55918
86485
11958
85072
42876
9332
98890
81448
20428
84744
93313
658
3239
42451
99367
8627
24332
49172
79678
34083
44050
64575
78777
12481
61945
31445
76721
68233
58496
458
22808
86655
65275
88273
90015
35333
77531
87461
92000
37556
88477
29023
18989
1152
14588
67504
99483
48869
62558
28395
43259
62320
57482
11861
8505
81277
92649
73070
241
68611
26890
62038
55396
82107
55947
95603
6553
52553
63115
31667
76243
86852
43477
21896
12451
2754
12407
53359
88677
25077
79092
61416
82166
93260
7922
17742
12066
25700
57529
17629
68882
1090
67344
51923
95041
90002
45896
49472
57039
60005
60934
30362
93274
33769
29032
39570
7068
43826
62626
29751
40553
84795
68235
71088
40549
18278
54020
98129
95696
19619
17487
62978
5725
27220
66584
35631
28723
32262
7104
66790
35596
77959
30821
80879
87140
92457
24135
73599
94976
49812
23481
55531
12356
29393
78239
60599
38902
78347
70726
35153
16622
72373
99654
93951
62899
70196
46799
27549
41679
28047
58839
49748
90706
15642
99938
43637
88529
60233
80049
63730
17318
23043
18012
76869
98757
1401
39736
4009
51121
17674
39989
92248
26586
9901
52428
34831
10757
74237
68241
97632
59422
17973
11068
24685
30143
20393
68566
85206
54152
6935
61826
53493
32831
55318
51488
54536
39488
86023
6157
62698
50831
75038
68122
29640
10822
8449
19117
60493
67189
91200
55904
40266
64896
24909
63164
8841
82497
95050
63785
75714
85463
72437
58160
48716
46174
44663
5782
96997
44568
95622
76126
49050
60350
2425
32252
97927
533
94974
28891
51970
98627
85227
47639
91791
11556
26489
42552
39045
49127
94268
80287
93632
51287
39989
59370
94502
70826
96769
73465
68559
75967
22006
25009
69571
34213
91392
49348
83026
30752
35256
18581
33437
1251
86000
47052
25479
48808
29210
62600
29299
14066
25254
83263
81445
97454
57800
96832
15424
39760
259
52860
82588
43611
46576
74180
14926
55856
82048
91553
31030
15928
27505
6158
1627
4594
75241
42619
91543
77111
87624
70433
2143
89073
56305
63073
53945
51873
71643
1834
2869
79154
72551
62290
42003
61106
94490
59014
42952
11212
89141
85505
94908
84572
351
35556
22833
11664
24750
84600
81684
48435
80019
64977
72696
67333
77408
90939
5120
96767
94675
63820
36481
94144
44338
77788
19184
92662
67795
79494
98447
69466
10173
81776
47189
46339
84408
29580
94153
87052
40019
95831
93803
3187
90184
59020
84909
82413
41683
50674
2646
70281
25435
27120
87050
35390
67191
19986
99273
68983
30361
83908
41375
48279
31159
98148
44111
26765
15009
73258
63598
58684
87407
29192
1932
89829
36109
77837
6685
68406
94759
81339
48732
85628
33907
49670
71281
64560
42721
30714
12960
42544
70800
18083
49724
7828
49601
43549
86930
55030
31284
19849
76505
22372
3280
57906
42892
64478
17477
85333
45424
50559
91704
23944
10024
58390
16644
4418
4420
12111
58044
56814
17545
68426
21649
70842
76605
36286
13492
7371
15328
83150
27670
43283
57578
70582
18934
15555
21393
33127
66405
53755
38614
4985
91902
76435
76115
36449
14088
43463
32400
95483
20051
10440
68258
53819
69949
35417
79571
88734
9528
23892
42850
21890
72742
30509
85422
3892
68530
94036
32413
17210
96357
99217
24858
58525
38561
62420
4617
11113
15806
4602
77221
64434
72029
17582
13490
31013
39205
70008
37856
27044