58829
32877
15557
13395
89056
7788
54065
91413
18148
34552
77178
48634
62153
55326
44916
18874
32705
5500
15641
65404
46351
75821
84347
18368
24296
4301
65058
38703
88549
52365
26939
77871
79433
28173
84147
52970
91910
33849
98289
84193
67618
49737
74021
74905
80758
41745
75438
61761
84730
25386
39432
40044
53895
72583
57479
60653
15816
22540
29183
95553
65251
1704
18048
86214
60259
56270
35064
16279
79826
94686
32791
33266
66445
88511
32121
65407
61425
4625
60044
31191
27774
3692
57954
28476
17910
64508
74279
46185
32617
61673
77068
95266
63599
29729
49787
82166
60467
81288
26945
87159
10538
88352
79670
61036
50503
68996
60473
41744
38971
82920
45909
54596
86345
77958
17582
1683
80737
43375
31688
64578
81112
16442
64713
85286
17006
28970
15200
91530
9180
71525
10859
61923
59836
48757
16821
34783
30109
20257
85442
23847
40963
14378
99096
49496
45047
84975
92022
85495
12913
64949
51656
28210
11526
8408
5203
25007
79221
11286
65845
40778
5129
59184
7031
21112
73948
61331
69762
64801
6453
84181
56911
89731
49739
31137
98707
15652
79236
43553
44651
44319
89985
4758
51221
48516
2174
43393
22837
25688
23944
87380
26749
56911
61061
37258
54584
37093
71130
69016
61547
64957
34392
73446
31529
92120
51065
77167
14347
45295
62174
17163
1708
71429
15272
24397
37281
1691
6163
91321
51866
40224
15997
60104
64780
36924
71945
67638
68796
61846
18539
42046
30843
20085
54561
729
79103
86646
65694
68211
12739
10320
30572
43625
76765
23725
13966
15607
84005
59274
96756
75320
5813
4642
46240
6228
82127
51250
69499
36798
22037
62659
4220
63750
40193
49179
9444
54827
41497
73986
88013
10403
22291
29184
76492
41260
90345
18178
45057
48916
1120
1295
21053
49199
73085
62366
23052
49043
89310
33576
67399
63679
65422
74338
49231
95423
84295
13442
96193
75733
26900
12421
68662
74948
73937
2257
5238
77382
49813
10300
70663
12862
26135
11676
94060
96582
91865
80514
57210
40247
26790
57801
21118
60421
10727
46864
78714
6248
24199
79130
82271
3992
49114
54708
15817
37239
20555
5546
7838
53613
27191
39474
64900
9643
53565
84504
94273
78812
86425
15708
63262
96953
87838
9559
18605
82706
20266
1773
53104
47531
47058
78654
51124
5747
44044
30350
23016
89503
27637
21017
79690
24086
35890
7740
52568
45146
42311
59067
7445
27380
43394
40998
32924
1097
50896
9214
30641
84143
30063
4187
13272
9899
45105
31961
54057
89336
12893
97248
25438
32949
69216
4681
42257
94906
39876
36875
8513
55551
4575
60335
52460
91105
45793
40245
43785
44990
58136
73886
58086
29569
58904
6514
58631
47610
46221
96855
52587
94814
45065
43494
22108
48352
32539
74608
12006
92818
18948
17961
62430
61940
2963
89264
57132
34135
57095
49444
91260
76237
21327
40145
44123
83930
77907
86221
53813
819
94631
94598
26245
60515
36247
65163
17956
42366
22216
85996
47484
5633
21676
6895
15963
85997
70439
76937
72715
34601
16468
55919
49066
67885
91365
64919
97290
28455
79453
76872
53577
42081
41021
99381
15441
767
45466
65401
46998
61547
78337
58226
63609
38938
56407
67469
30537
40542
92988
57308
25455
13219
45052
100000
34186
53821
28695
32413
92191
13777
89310
39050
65274
36623
32256
89230
57003
3052
58020
92869
92298
87198
46394
24946
47361
13797
99191
97749
92082
50765
43484
77978
21858
55331
31414
68447
78233
81343
85855
62810
10177
33228
86317
69900
40902
45180
6633
22758
60774
6309
36126
82626
59783
60292
99993
56815
84516
16567
68093
47338
85039
87649
6879
30270
26551
75797
12216
37218
63125
21007
21687
29631
17266
30437
14902
54598
80256
71953
26098
58869
38857
69951
26737
90705
15355
20279
81411
49953
77516
22578
31424
41397
54648
12416
53964
6575
14085
51327
61466
22809
17584
43958
99438
82163
5884
79494
53183
40127
86616
99306
68492
95209
21466
17454
23610
9794
75507
91466
50880
78893
64214
26372
13821
10382
99592
1022
74636
37620
63670
48045
39940
67334
81268
29453
85604
40098
97355
40651
74452
15210
2946
16079
51506
25554
10740
60752
33046
54827
79283
7116
93096
88883
41386
89259
76318
97235
55113
609
23888
87184
32451
51275
9643
64516
1873
47142
53960
96030
41420
56413
78433
35512
64253
50323
29677
8181
74262
72979
72614
16874
23642
77724
86005
41638
90212
67002
98737
48335
59644
88635
19580
5262
29179
44189
23027
6219
74557
46863
84805
4000
91625
51726
47251
87760
85185
66886
19472
88934
72908
53817
92681
97597
85721
7152
77506
61407
63799
76903
54034
57506
40930
24691
35851
74369
6053
84107
16841
28354
40004
41905
2444
26965
38508
6820
5616
97225
76018
36570
94859
77107
17801
82385
43010
69870
45745
97748
75219
85248
4244
3090
40546
50796
11081
39453
99384
54062
50900
59456
39347
41265
64025
26281
82135
62424
35532
4058
10777
88186
5488
35838
31140
14048
94886
10727
91209
94600
65142
17135
27870
21741
25559
99202
3713
70076
2491
33207
77080
54916
356
27320
27911
20384
93577
54044
26555
3456
70966
88675
84388
29763
83825
86188
58642
67173
37499
19988
88369
93491
64674
48852
44659
19566
16034
82388
59074
49055
80626
57951
73541
96290
83853
63540
71806
79074
76427
75421
26472
35060
25495
71728
27758
17045
16191
88263
74784
98696
75452
16008
30182
95194
64717
57888
94180
26800
461
61675
55706
86266
18602
98684
43159
95044
77171
40429
21254
61033
51633
6950
19752
34037
70561
37645
95854
60304
16943
74736
29944
99730
90399
48613
6179
6131
69404
10437
73161
97062
11975
73844
2029
66462
49460
75515
70381
84037
20838
35087
23196
23754
31985
20007
50517
12856
5059
76680
7093
26248
51735
66143
36293
59644
29364
60557
94881
28931
8608
22712
72179
88950
77928
13781
59473
90422
67075
27697
70974
88694
25946
46430
91879
57778
49151
34337
79392
29406
80181
27426
87194
6059
5332
11269
73184
71687
78676
57028
36898
64946
77583
47735
93624
4892
46132
70285
31003
59882
54438
9022
99533
79249
60549
38264
81905
36282
67102
71430
16277
38495
99547
87332
18209
52801
629
3152
15845
17485
26106
95317
35469
14021
76948
66550
41797
14700
80324
36753
5347
65504
17125
88969
23662
46776
24547
73587
24959
75675
88464
88610
15265
64099
14182
18122
22715
15038
16351
84697
99201
28955
29495
79553
90809
22104
63511
21908
86116
25848
2251
39642
58675
19224
12952
94202
82302
99070
86461
30521
18787
99060
44520
97607
31947
49712
83264
14359
30623
96366
42355
28572
36020
36975
38443
36865
46333
2910
13714
94193
20716
13735
67071
909
52454
5895
75753
59474
60157
71510
68748
6356
26718
44065
74443
17593
67849
99415
29159
96492
92435
96313
91103
80845
4501
54935
63277
15148
62253
580
82137
82897
67871
64982
85606
78726
4052
84406
43242
38922
14259
57554
18056
62123
31829
35811
24752
83762
35117
61528
40235
49193
21427
27293
2093
95699
26987
75147
91516
57391
85365
37350
8002
98767
61280
7073
21277
58916
96332
46259
42547
33229
68698
24474
81180
47319
30319
27488
62973
27358
35154
15705
89497
55406
9878
93043
68580
42721
45424
45628
77521
13458
81372
61830
1177
78482
60809
16004
30063
21436
90215
33947
57004
48044
28457
66525
36325
68271
93953
41826
61342
16395
83861
27838
322
97425
77357
40413
24486
55151
70192
71404
97551
17287
40756
54296
12791
45540
78218
28215
90760
86379
19361
17605
27865
25034
33553
67614
87525
19504
78910
67411
25657
95505
63994
70766
86239
83589
73801
2646
20751
33947
38888
95741
32892
67137
96135
749
52301
81643
33085
70915
1963
41066
70389
75189
38762
52082
87527
10326
65332
97346
33518
47088
20049
60932
59734
87802
67325
25108
99379
61427
79386
85359
4535
15653
17603
54373
63878
84968
86252
38037
45366
83117
55288
63252
73402
7980
97236
26588
49555
67929
56288
64223
94088
80699
35744
40844
37727
84223
52511
87896
22909
98794
20270
65766
49385
63107
21474
81673
94919
24057
19387
63870
50827
41876
6039
84173
88279
84264
50066
53503
78460
51403
90336
63401
65087
58420
80475
7343
9046
91920
51938
33514
26514
40728
41442
63356
74007
70943
64219
12920
67514
63141
91436
34666
72735
21330
69955
38539
33142
45487
65869
3270
42258
49524
36781
76438
18332
39702
1432
85459
48442
30288
52855
56768
650
458
81376
28447
52340
45582
89092
20938
97690
87530
43244
81616
60541
55102
31137
84899
76756
1357
57078
97463
30232
83758
91797
71368
33114
46827
12329
20104
38775
71454
17412
28283
82340
82219
81792
9725
31571
15824
26276
89601
90022
38317
68456
30018
55083
17789
36035
5654
92681
33288
89437
9233
79652
75388
14791
63693
4201
83492
49344
54512
52593
78017
17194
89080
24318
29833
30535
92987
71883
47152
62269
66284
17126
78879
26107
60139
94868
94883
7083
17609
36136
93719
18912
66337
81500
21294
9029
249
73892
75929
24420
13986
7403
21130
22680
59734
85643
30232
69807
6544
26464
18379
15923
69695
37931
16969
34264
89733
15391
79503
77725
46289
17453
72099
42954
91858
20347
76008
11929
81471
381
62007
38174
9445
53965
82681
56690
32714
87705
73084
13985
77504
72097
70860
34367
48285
95068
59158
25898
70214
11202
50904
41218
24848
31899
64597
50625
36153
45259
17076
74650
67855
66334
7912
82931
16757
65212
15486
25173
55956
57968
2846
51791
97520
26126
36534
27875
39524
27626
29020
97139
73923
19121
20666
21591
1477
68019
59611
40591
23741
8924
82276
83948
52291
96018
67363
68518
94414
22104
7453
40919
77916
19638
27987
65788
44865
38734
88738
97216
15592
87463
45438
76588
66133
44048
19557
67899
19872
40373
8734
37138
27382
45710
99665
78283
79111
49634
15733
3378
41258
96533
39767
9658
89776
79810
66626
85113
40302
16543
39996
27658
73504
32507
83099
16465
69063
12491
25751
48758
37385
27444
9899
1499
6415
65738
15071
11314
38504
97326
95184
91185
53908
22330
69200
17968
16811
87835
95141
68790
63814
98967
2337
60578
84948
10411
90437
80344
70726
23464
91042
8630
64958
92965
85495
45584
72498
40304
79664
46863
10638
97579
68087
38319
89191
17215
77371
59720
18960
22574
3947
83949
84206
85526
78466
97931
5383
2778
3580
30647
56232
83852
91454
36267
65596
39102
26004
65571
77438
55293
32411
76158
53652
93228
92881
88573
45576
87826
18386
86956
50588
17502
29806
18732
30508
55911
94816
28714
59010
8663
45307
51310
78193
80086
60094
27898
59279
55034
55180
30805
67125
86913
2651
10175
38491
59614
67399
61417
68242
76771
37470
60435
66089
22695
86969
91389
54020
53411
54456
54441
46651
71182
97078
19317
94600
8384
77392
82380
83057
88212
43735
92458
65329
95738
49184
63605
35531
71722
37945
74353
4798
94350
69848
70876
10056
74017
82723
18271
96212
29613
18026
75212
49499
78581
21114
25792
25553
19925
13067
59539
2032
1395
58678
44911
30402
53319
34963
99900
13953
58277
85490
17894
19676
9049
71653
37200
157
87522
16079
5946
58976
42364
19531
42978
43477
93907
52002
20527
19667
82797
63879
7807
55748
54721
67872
73665
73519
17405
15858
91518
47194
65307
28054
70712
81942
38012
97534
45874
45053
26273
48141
99702
51189
18622
93497
76129
96058
86337
90386
56931
27322
60110
85800
79608
33502
50728
43011
39070
41020
6902
51709
51989
66096
51552
32556
73003
48004
90052
85064
26382
3044
95368
87210
36505
3807
98611
73770
30907
68996
57902
63029
56112
9701
34948
19394
13019
17043
37926
79376
58712
30147
93634
66331
91517
23819
75812
87880
77949
18187
30332
48410
65887
75645
64537
19566
82105
3060
86090
16494
87939
28712
8937
58340
17523
12488
94473
8431
2744
24530
91702
42562
16458
34635
84215
41176
44535
73771
13285
63716
23470
77113
61653
30472
82751
54635
23567
59482
76867
89600
71774
50698
62414
83548
12620
8758
4341
65594
55872
33415
19050
76447
85913
41695
16687
65715
76991
96406
8729
48375
38242
69717
12097
33050
68119
41332
92797
75431
72892
71443
50399
29813
77488
22473
17007
4456
47769
19164
2292
97127
20084
92402
65555
32680
1011
1356
36443
69949
85791
4266
52558
75805
91761
91679
33331
30938
60399
10226
47778
69767
20886
8046
2415
89082
23032
83827
31938
18143
50410
21686
47870
74405
55011
21527
92426
35984
53253
12426
24518
37015
44680
92529
39241
11583
64181
88514
53188
14795
16751
21362
9439
98875
43726
61641
46164
68644
57257
20264
98148
63520
41361
92179
62019
45322
67630
24542
47614
79596
50735
17674
50351
3128
84572
34667
27417
81232
17088
48391
86474
36249
57178
992
91219
13476
31606
22526
55448
64343
52384
64789
34869
77294
39956
60876
30034
96664
68542
69428
73006
45483
40113
14128
85096
47018
48400
19787
32155
53657
3941
43868
10225
16457
49628
22026
23831
20286
14830
27474
82023
86987
4630
96844
60336
47506
37533
13367
48956
56402
70195
65259
96561
15033
26004
56552
87872
46374
42265
18565
98886
47730
14673
66546
97784
6215
93763
65815
14581
25728
42951
57083
59368
90550
3757
340
10951
36098
81955
31655
67413
92398
72840
83433
87954
94712
47659
66045
19501
23572
13121
57628
78023
94613
31616
15255
86471
86082
47784
2882
17354
61625
84401
88465
47524
84953
59949
89996
59456
61553
49788
79369
39461
43881
13530
16719
26089
99923
79936
55008
21718
26741
30552
33952
32907
3087
64397
88063
53758
66173
5174
53658
98914
3302
20251
32014
64146
83063
19758
51329
82405
76926
60512
25087
31171
85850
57326
92252
59590
10031
4458
71404
31995
8670
78569
10075
78144
70460
52816
19436
99716
39620
33680
20978
49075
93080
60795
73073
95357
89807
31985
88342
53388
25335
42299
67983
80073
70589
65108
20206
68528
22097
66018
49092
87244
9569
13682
45417
30639
47016
56205
75115
83831
40778
3372
68988
83896
59362
29749
72182
51809
50510
16297
51484
74259
4419
10125
13710
97692
80271
92541
53556
11591
4113
69832
54499
50014
87156
33243
93964
66471
72387
1396
26223
54806
78945
4901
51352
98871
59100
57750
72351
83209
12218
63927
18803
94527
11411
87660
97924
84024
9289
63517
11124
14799
53106
49515
93637
44153
79167
72527
622
88040
64486
55137
57375
46456
27623
9390
73399
11215
46019
53406
14351
90535
32961
15574
33032
81113
68590
44629
51066
17240
25257
94011
87597
58805
69914
12119
70726
76154
6658
86513
4104
84921
16092
86223
51005
89659
19720
99650
85840
34642
21913
55462
7803
96459
14439
31062
72594
26878
38534
26765
64965
86972
65280
66171
81050
49247
32205
65334
28330
30892
62386
4780
6411
94890
67404
13994
13867
45082
66991
62081
49071
93744
72458
90670
69210
24165
82230
51785
76508
88431
94436
85929
12903
35269
81177
54258
99730
73911
59971
82394
35612
93647
20450
40094
80940
60188
56105
63703
16055
74916
63505
85821
10232
74960
44650
31670
43531
96828
97493
5316
11749
4327
49528
34307
81514
19908
2958
35662
37996
26209
31376
59104
78194
71837
73139
7247
92951
73821
50352
50612
62196
93542
98192
43298
8638
2501
82646
81872
95756
79289
23032
47170
75223
63244
79221
5417
65395
67587
1002
68724
44998
84739
85728
75245
51297
3371
84917
33710
26432
18365
84223
80411
88022
86918
30215
79907
97925
83882
42755
97233
85632
80503
47862
60074
10367
38507
94177
97300
94890
33601
18475
64207
13711
40934
97504
85825
77553
88266
96678
98748
46037
67114
41411
77969
17698
24624
50861
33246
74620
2691
38612
10576
30175
60862
15238
36771
65342
9029
31843
24107
59954
82207
88408
76966
27705
36208
96932
34590
96155
11055
13780
42418
33624
98301
13424
74733
30109
5328
3725
12012
60050
54465
19505
48878
80979
72028
61901
63657
66284
17504
98557
12379
2956
89228
46010
87544
87915
13461
36540
52211
52991
20836
21377
91804
68996
44083
72884
48773
32979
1211
70887
11254
31877
87397
33795
73994
53432
52348
57694
76839
11088
65025
28498
27158
59161
24407
36675
11359
99448
11487
55016
20213
11086
83381
64867
60479
75827
97340
56064
28629
90434
93259
11578
66625
67704
91595
21899
1981
21380
21730
2361
49915
57445
68828
93749
88387
71032
10059
57176
34940
35821
95603
21628
3805
53988
39774
15489
86419
45863
80513
82273
60422
41057
28769
66212
59793
76526
87278
93439
82732
44322
33484
18916
56906
93748
20631
55306
70507
25856
83376
53872
72414
59289
84248
17343
28106
47716
69467
36977
95300
26047
8157
318
19267
8876
20774
77827
2503
92865
13193
55332
58251
84849
44936
92998
16168
4587
89621
61370
3511
82785
66899
80151
97779
44383
15217
82997
64812
74103
83133
26727
18150
74519
29516
78232
35796
59540
77348
91767
97395
46086
29845
92940
69997
44111
28941
2716
73749
28308
7995
37950
86472
65920
83303
73322
43871
80032
92701
58022
69066
49813
79136
47696
86680
9108
92927
82591
71257
6110
97174
89115
4121
43540
20410
12143
95211
44323
19357
15443
30897
49650
73408
97937
76703
98220
7535
27450
79751
27342
67431
38512
67366
78746
99716
56000
99787
94656
40138
21918
49379
33088
45257
95238
58295
49237
97752
24146
68331
8139
73558
5810
59741
89628
2916
11925
76952
6559
46787
1345
5692
12314
64609
87022
37260
39328
72027
6418
15535
23348
49843
58557
32275
11278
54935
7379
44922
2975
51154
52802
37953
52622
28756
58204
36148
16999
57400
30671
71641
70635
54120
77379
49582
57908
98614
69202
95301
2539
29933
26397
99319
70464
65725
53381
12772
61303
93487
43715
2433
39721
60586
43975
60335
31989
3732
73443
6642
93606
52236
98650
28704
95994
75730
3198
74952
6457
88209
76548
10808
72873
73633
15647
18775
65337
81695
43219
60196
51491
52585
85148
12325
9689
83718
51649
6740
4202
34889
78158
15456
50463
54074
21102
66889
28391
38197
60714
95992
97899
73892
37057
60136
9537
77513
4092
11008
56324
5551
21134
48488
54123
39652
84820
30882
33380
43744
75405
27995
21222
10707
41564
54651
98154
19685
86388
81387
43664
35459
92038
55236
67465
48564
55254
65022
30343
42690
32688
41037
66319
37704
23050
11078
60536
37156
24949
81391
25976
94162
83965
8539
30068
12509
21840
84262
2127
1296
97074
13192
87362
48680
7759
54172
27892
65734
331
33615
31536
40769
27361
58249
86662
86412
78923
33335
71155
38356
53380
74345
86291
16880
38668
21758
21880
49872
16824
44355
55119
45911
78002
3963
55154
71405
59554
63986
49468
24684
37995
92485
88057
22712
48392
96503
53849
50291
20349
16878
56741
26521
13723
70406
87263
13297
32528
41948
76290
15669
16059
81250
1490
32931
33733
66671
5556
25210
27537
89046
62864
99869
95680
47521
17249
6897
35092
2833
72232
11950
26264
71939
21392
64838
76645
20302
50108
42422
24594
45125
25454
54645
80814
17010
93327
73438
53439
98591
83872
50323
14459
70703
57807
20302
7321
7067
77952
62759
97763
53368
84360
33144
13786
45290
30885
22640
95851
46006
48397
92836
61336
31347
87017
40648
59384
40309
6782
93274
9889
43849
54215
51023
36130
91793
76266
37017
84531
73859
24067
1095
86864
6514
66273
36886
68237
16585
90801
14504
1638
62852
48026
88329
84532
76709
33881
59757
53094
16676
28763
97487
70255
36141
67536
29091
95586
29838
7383
76877
87610
71596
26940
70121
13474
93637
8280
37223
61472
63296
92940
67459
20224
66113
2715
45597
1271
56238
42088
52637
17653
70038
37012
74683
99463
8754
50525
23866
47927
42169
9560
19061
71156
91751
73194
63366
70092
63720
98963
98149
37832
75838
3428
11539
96922
90316
23065
39207
20063
55865
50663
73979
27810
48937
70707
54685
13197
82513
19499
1364
15767
4183
12850
27153
27628
38953
63314
95211
43160
53351
66481
35477
87033
54389
77442
46781
91439
43645
98707
73472
17924
75110
65667
68436
29587
34937
7053
78757
78217
37980
30528
64851
99672
64601
93982
97297
1888
51460
75288
19601
96042
32227
76509
74694
29633
95493
35437
52768
54380
33506
54608
23659
41170
79777
54208
98489
80540
2919
24467
59600
40713
58465
88350
16894
99701
95148
65389
94821
85624
63903
54940
35390
99268
97636
2317
60058
76575
88953
15031
54536
22339
22894
59942
44842
46057
58812
38752
52428
54980
21707
31376
402
3690
29205
28635
20377
69478
28266
67383
48550
5886
72159
74795
96586
36054
616
53872
14895
30474
70120
46188
8732
47201
68149
17058
5242
44851
15729
44254
53135
61821
58299
91474
36609
10887
12988
12995
64031
7790
82728
92940
59683
51539
24202
88776
10156
63171
4774
88811
15233
28282
73673
7927
16028
84232
67356
86673
76244
93153
42928
67539
13517
99875
23856
59313
33740
5838
15595
84363
54361
10313
17844
54341
44177
11539
40287
15907
33097
89532
81893
69793
21601
65679
67566
34914
61300
91776
72307
57954
94630
31571
85775
9448
8192
28867
74066
35786
14368
18813
88980
97444
69167
19241
89739
66185
51540
6721
8309
10900
12088
43082
52242
43801
59022
1564
34268
50592
64284
75553
80495
81369
37988
56839
41232
39472
64059
33526
87148
33788
87621
64125
11305
1026
56414
13519
88339
86314
65192
68842
9458
44976
26057
12952
26121
34372
29286
5903
82877
46575
20370
82945
71452
63177
16401
47848
23124
60686
20228
45471
59377
75284
73728
48387
70134
26719
94009
49515
31658
43661
18691
67712
7384
80952
35771
77756
1437
55512
94783
46355
76725
90122
16994
95244
59542
87137
36871
87282
83916
29711
73426
14783
48046
66576
3808
5566
68286
75121
31207
94835
68076
42363
89948
16771
87498
66571
57887
79235
72425
70783
39172
7529
95182
7655
78140
64291
94809
15674
51765
64244
81245
84449
4762
23569
41286
84133
19389
55966
43945
48829
44214
4825
57503
1756
69181
88962
97484
64373
58011
24684
91444
44293
57623
951
15936
92336
78005
73877
11742
63166
94605
59856
84988
50384
46944
35729
13995
41533
37796
13181
3720
58916
55969
25035
67191
2574
10303
86445
34683
43248
59926
80636
59981
73885
72242
58331
62969
89964
95305
62550
63572
73828
52833
85085
79064
82790
61748
38263
9063
91974
27536
99964
82395
62011
66548
60055
88507
26100
26918
64922
63787
66430
43467
25391
32122
58506
33725
67388
2492
49958
38814
47805
92827
41368
5291
55161
96066
12842
21536
27770
59741
31110
14690
60190
54132
11965
73730
99801
95053
52630
72196
47633
77513
37653
49648
62140
61655
94313
29388
4522
88180
53023
80174
23624
31146
48508
53491
16193
29509
56290
75083
271
90534
34260
88930
22095
36088
91100
45899
50649
23614
67771
376
4478
93283
48654
2431
85050
36547
94365
48719
52335
21410
1376
39721
87124
48818
86503
62688
29513
85714
40031
38668
38021
51492
84277
20589
4054
85743
21268
64810
72398
69251
39802
64795
25710
96125
42926
63556
24449
69394
83044
41892
17971
64078
59182
59352
29856
16620
82482
70164
26984
10480
76670
29001
75033
12684
76762
88475
77670
93538
26452
94437
66230
25530
60430
75832
32963
99588
6080
59443
97169
17787
16821
19950
5698
21871
97006
23727
56041
21168
32142
49307
28173
92620
71821
70289
16088
17027
90288
75550
83321
79615
4787
64455
65610
46499
40514
11675
63894
87787
64273
21959
76622
31182
6576
20521
11682
97135
79135
40006
85756
30677
98828
37255
86542
41049
85596
88989
96543
25266
39773
93965
54770
98584
7967
13559
43477
17157
64658
9665
3555
18614
46857
12606
20921
22274
55066
45679
36131
82068
56010
6675
74621
83599
89375
27806
13010
60585
64327
79774
19000
43693
71505
9913
67190
86254
6301
76321
78825
33759
37301
29476
74696
56933
79294
70724
38680
94901
7901
29490
43219
91716
91986
65822
3811
19598
23451
97895
94620
85665
86878
83159
67916
64276
77038
32325
2131
74377
71627
98287
43322
63284
24367
65330
86837
34485
79219
68839
91751
68610
30149
87472
36122
90761
12596
58676
85926
5581
59169
24383
83254
23735
51043
32152
79185
77644
33313
18142
38805
73954
45722
20309
42081
61008
98144
31718
5118
7704
63192
58797
46063
1858
24079
56308
57529
50840
74440
40376
93857
72316
48010
52676
78789
69123
9020
25573
59398
53514
76198
23867
59015
64049
46838
40928
17174
52605
63106
92183
63754
82488
50372
44276
39430
80993
48546
13980
73049
92419
47262
84005
52673
87104
50534
84841
40079
87088
27277
11328
24804
92756
92347
29230
96279
20013
29786
19329
63166
51600
45554
63608
90534
25798
40899
18069
32346
85268
39899
28246
59399
99515
82167
57359
23777
34777
38761
1974
6071
37210
6435
21113
51410
41292
33852
21936
13543
23911
34410
60262
41547
98479
77109
12010
27470
12650
8355
47570
34251
74742
17106
28569
52570
33215
57743
52934
42271
2784
81336
14142
28038
3771
95333
62464
85602
13206
77837
64155
33446
47462
25683
24936
79025
98353
18023
96670
45127
22667
7347
44860
82090
44953
56331
14751
94268
98980
43290
85715
57710
31170
71205
34679
61575
28160
55470
40228
40784
34773
81175
61367
61787
18387
57826
81295
24230
42699
38518
5658
36488
57171
69387
83821
49186
72636
95111
17325
40565
18702
11971
99013
42980
65922
14121
58602
17384
73488
87494
90554
11665
96065
23210
13866
38333
79308
28276
64063
66827
23201
34393
32800
46489
47799
9084
25610
5349
84230
3653
59086
46801
54976
97645
86329
32498
70430
4028
82941
20436
62452
39463
84266
51244
22291
90645
15098
3312
35486
4482
73687
53704
84028
1499
21641
72073
14292
30151
16786
47195
19943
14803
49750
95514
19790
45735
90278
30334
29517
59393
86531
19976
58326
43589
35631
81809
93262
43000
37695
17388
60584
84300
89005
20918
46433
2503
48361
68374
76357
26857
23862
77253
17153
11129
71017
31135
17716
64163
79114
55462
21418
29875
56708
58709
69928
80638
5431
94468
12360
54179
11972
26152
94308
29765
21759
35102
25642
93242
79637
19100
55041
14407
71243
40188
55304
39791
34870
78695
38346
70098
92740
59158
17958
98329
47872
55870
62153
81905
27801
18292
70553
64636
52918
22610
24967
22602
6164
73475
57020
18237
85819
40804
12413
97999
98498
90331
3316
13380
50783
36957
79705
95979
65259
35919
85874
62035
34300
37304
37359
3632
61778
47436
98638
49675
41234
5817
55884
99322
75012
34191
78624
70283
49519
94738
85289
39497
74336
79326
37808
12740
12636
74069
5165
74615
63909
68245
5366
6334
18127
32271
36728
17607
71149
27503
5693
77702
16199
19806
18801
52459
31068
17256
10231
4714
82503
78605
68833
64845
18693
687
86082
50909
15441
70271
19965
108
73761
31775
28894
80273
16710
83717
8078
78169
44924
69934
84565
93089
12329
87956
55239
86024
41303
55564
93729
68815
5689
20299
43480
46771
57151
81533
10772
37686
77722
3720
90072
46283
60494
80533
86462
43037
32939
77635
44270
70006
25100
64847
43470
23092
63169
21603
12611
12689
90008
69714
40025
947
67916
52019
54182
54479
87160
14046
54061
41319
36815
28043
22179
5285
43877
90719
48941
53780
4747
81553
33958
34864
98604
17486
21610
98027
13691
14847
67281
82199
14509
83615
79939
9055
73938
34188
53905
87956
56331
2939
40020
85469
26104
43906
26497
90749
34464
40281
84322
24930
17557
59063
74502
9320
26553
82764
10154
43914
47460
64388
52591
87133
52793
12975
48064
51065
20111
23507
69893
52141
62878
89163
17759
17169
22628
274
20702
15271
10867
63488
42691
42445
60890
34335
16343
90182
81371
34858
73805
17002
2753
47422
52834
38740
83916
34341
77767
36582
94183
21705
17951
90131
48716
23608
5955
75125
31851
1739
91323
41399
73828
84188
90868
62637
55603
78668
68840
983
19550
82385
59539
93654
79766
56050
60293
165
60456
41720
95140
73688
58666
94767
59418
10194
14919
25982
25907
74061
7405
53699
13745
72810
25634
21857
46231
65246
38771
39273
56091
88309
52161
35956
88191
8548
34648
51302
12415
79620
70354
64990
33887
38747
49123
25624
48918
17148
23717
99840
37269
10216
34239
70963
79059
70916
60063
10730
78403
57179
81335
30803
31488
12660
21155
73817
32076
53108
96461
59586
83322
18835
5341
95932
5473
86393
88222
75092
37955
32354
32541
64637
32809
44013
40854
50318
88161
56785
51049
74129
85621
16937
8677
14479
67443
67476
11448
25430
63729
56972
20273
73344
93891
52926
83013
2935
89563
7062
66076
59417
55385
56006
7010
60568
34939
65675
26206
51350
7390
39139
87271
5177
71669
24488
81464
78919
42802
86336
38142
82730
70821
14086
83115
74968
56460
5440
958
2235
67630
77430
13445
69503
36265
11380
1598
97180
34493
76792
25829
68556
26277
13170
74987
28413
37528
8045
51937
3523
19738
97089
28122
2070
24169
84458
47462
82172
97949
3755
51125
56314
4605
55058
19387
29359
14728
56537
7441
34392
43437
81606
78555
54751
80790
90982
83257
26972
6570
65225
44004
89071
12781
83137
87298
11172
33579
88753
70570
92044
80958
95445
65860
4359
78390
70605
52706
24774
54086
30164
86022
15921
44153
44488
81358
1677
85263
3599
65903
2966
14450
91788
63526
55019
75315
44093
77694
95927
64296
95122
46762
6453
63111
34350
79132
50109
8044
70404
46515
41356
78115
39100
80031
60052
61533
78221
89057
79808
72784
18492
53517
55846
98197
77386
83556
62207
50121
77859
25244
51380
73013
60769
88056
88011
47022
78605
11290
83618
8350
83518
43592
1564
47266
67710
76136
84492
18496
27051
8070
22868
5838
14058
35868
98111
52338
62886
34348
93609
25362
25126
50240
91311
77099
25551
65296
57899
82525
61683
16078
30302
21796
35191
59150
72319
38458
90382
88323
50366
56621
46716
76167
5682
18620
2334
77589
74004
98813
74051
33477
47600
12629
41888
2773
88096
2331
83093
73305
21570
19308
51581
84861
8366
52686
95103
95147
24699
88819
14322
16403
91464
12936
62542
48266
49628
68678
30341
2268
62621
86847
33949
39030
51604
57118
65899
20153
86014
47518
42426
37399
15184
97610
26364
40092
66266
57136
49128
45145
39460
38529
43135
78771
99744
94373
25884
31984
85650
9888
17353
4307
20389
49170
65296
87428
4107
37264
30866
78271
68100
31342
13423
39930
68301
3522
31695
53230
66508
3596
75048
3503
25996
47664
80340
55290
4204
83647
92207
87308
46890
95025
48273
15714
33117
48411
11579
41526
61193
3871
65854
47742
33087
14836
1661
17059
10947
11212
47344
15112
95110
87345
71209
24019
68777
99706
82919
73099
36698
45871
88745
78103
1455
26650
16284
48151
14193
92676
68186
3678
82892
3944
78254
83708
19125
3580
86940
14710
70611
65647
29433
88282
18124
42224
39023
90217
70683
6746
74146
20964
48789
88631
70912
67706
87026
59502
57591
94270
3458
34203
21165
65382
2222
95770
24477
58997
50198
87935
1106
29911
87044
52312
73408
59753
287
85518
24689
87044
97065
24725
13567
23793
27579
15331
88367
29136
75739
86345
56460
49176
26785
83914
92607
65733
97418
22163
54930
41981
48843
41991
67421
25343
27311
52262
84900
7267
30860
62604
78687
18926
16864
64266
2570
67964
34058
49885
63156
45627
19766
73713
37405
88974
95523
79465
96783
46132
23541
88861
33721
92997
67211
71514
59487
18281
66856
41246
21777
4310
95511
70076
78943
76253
90644
91484
9005
18018
48348
64434
26504
94482
29050
92425
10865
35234
57733
24032
11712
69197
77799
47588
37823
74680
93759
94555
73512
88592
7264
83353
35495
57462
64860
71900
98649
91683
45650
31449
13859
28979
23149
36981
35583
26937
10681
86263
43631
75580
80150
97693
93906
69817
21356
86251
54742
72114
37548
19632
74592
3478
42330
25302
52954
17105
53454
35800
88005
34007
93651
28030
41584
30705
27047
28790
44916
76625
64934
51865
5240
56616
70305
30144
51028
55180
40169
70791
13250
48604
64484
6751
71151
96454
73376
20150
10635
99850
3075
65606
53702
61476
5215
40012
97717
61980
42074
59939
61307
66872
66122
84872
69218
58797
16479
49380
22547
67708
91232
49027
74553
65175
40587
65071
611
13559
46736
36357
97187
83949
54983
56671
5372
35435
38887
3206
24855
25001
51469
24984
83553
36009
75260
99721
20482
45407
47587
22679
36295
90545
24059
38418
66513
38764
94283
30853
32668
45155
13982
80544
24878
53165
61528
16396
99678
65195
22444
26780
3397
28792
68922
6469
38561
36163
45355
8665
32064
65951
85164
69495
6234
76018
32935
51361
10952
24840
39213
73539
53027
54250
57849
3375
69517
46626
34864
16165
23901
67924
18853
30909
30110
6444
8102
61673
43666
13808
9737
8338
38478
52046
99050
56906
92124
9867
23666
85810
88413
58783
67136
53458
72977
84419
79486
78264
4103
5312
88889
96508
21430
67605
1280
85982
25106
97849
44247
27439
14695
11662
70198
93368
9650
53726
58958
22390
35077
97319
86008
23526
20306
19419
71734
6505
33181
4302
17980
10400
36489
99501
94478
96597
93836
68824
71921
51527
96499
76389
17535
82248
83982
541
8888
56489
6494
53958
85666
6331
83190
9072
20172
71634
16483
88070
38878
40807
88176
94488
25236
52084
47630
5274
21821
81570
99536
78982
52971
9794
19896
3606
33777
70197
3813
58493
28486
80825
3772
80526
14825
7167
90369
52169
82926
34068
83181
26796
65995
27057
12123
88680
17294
39739
84106
293
44657
6589
36343
46384
8436
58390
59546
8448
11134
96278
46586
53821
88137
13236
4431
85632
33814
93087
97505
22847
49599
44260
58453
48600
63974
37238
21459
73397
95971
76481
54451
98503
76032
93885
33477
69137
12468
56829
34349
78183
56245
19795
96518
95902
14245
1755
25210
38276
93677
81870
10583
84424
22715
3829
29794
80716
76817
79212
68381
41294
66066
13095
11012
89892
95451
5683
4427
49346
83922
4043
94979
33617
26708
54025
65349
32886
75747
25302
13063
79002
67728
63168
74469
88911
28426
77274
439
68994
329
54146
83306
2831
52110
27413
24739
47601
16047
18920
77410
43754
5841
52574
48559
47795
83677
57171
41027
65483
25612
95716
81870
27155
73322
50233
6365
39415
84545
87572
98687
84960
55361
56202
95556
89230
92252
67310
52682
90657
99148
5405
63694
6998
43752
9115
64775
81810
16427
6080
45449
74076
96450
91328
25513
62254
74710
16622
11839
69446
63607
70738
43525
11114
2289
69742
39342
13047
21109
48637
47519
41933
60006
5691
41130
53357
40803
39454
32865
20411
46585
65678
31897
16749
84331
14867
50038
590
66458
24183
89138
43024
30114
42464
15370
5663
459
9358
58900
71597
5904
66414
30472
24898
98071
72850
60667
65387
94768
38114
38845
3366
63717
81741
10769
63437
48219
22594
39048
95921
90093
35420
51669
41205
91972
45114
67317
67181
83311
7257
72880
60470
47321
73009
67434
93130
59262
56077
99515
45383
57742
47495
3530
97706
50874
43693
39055
24017
96703
60362
90685
77809
30146
90034
11099
30431
8696
56611
43668
80670
54619
25561
25664
88773
60304
80890
60153
38968
50687
29652
75622
81214
4811
415
53795
96634
75157
91902
28528
1443
2909
90214
80098
7630
77579
25521
5942
68548
4225
42661
17925
59184
8296
73785
60116
12077
73213
15635
81567
10033
80864
81290
27466
27662
49911
12500
735
97301
84078
60496
2641
86933
13882
60290
72284
36426
32030
39645
42024
56422
51804
80903
37012
48772
20411
4578
2126
66037
13187
10642
86237
43766
81833
85233
73915
47237
20678
39202
98204
84647
36340
19503
34555
6786
62862
33159
2229
19054
93384
59890
31971
65195
88688
69798
54019
29290
56470
83464
12276
52970
20628
23114
56495
93174
65850
87698
69999
59243
75945
48702
37086
19224
24054
4781
32243
51063
17678
34856
58100
39889
92196
89664
15276
78692
87040
80449
61002
76959
55390
52708
51347
86953
84532
29110
97799
12614
23269
81309
60398
62207
1252
90289
36716
62508
63655
93407
41247
15834
99095
46705
39347
41912
13368
35073
60821
13836
32199
47893
50708
41548
61723
34240
37645
24303
99419
98668
41384
34595
37979
50206
21415
56918
33674
4879
67443
81470
44336
81160
26142
22589
40925
31880
25818
79992
4818
49223
10112
23805
72435
62006
25198
52912
43533
92847
10652
94306
88979
61789
67689
20652
66307
40956
4131
73765
28483
13562
4715
79581
81365
19384
37556
59622
13388
51661
98017
61361
77646
40393
20018
27452
69346
58624
66823
81078
66705
25601
611
34584
90838
17614
57453
11835
25838
75124
64862
66212
6068
12734
17590
22417
14329
61195
32387
51696
12560
40328
60252
33202
44757
6793
98114
22699
81437
1475
19175
22627
40206
50999
71371
21784
44155
60210
70189
37405
15775
63243
4355
45636
37915
81132
79204
76054
298
89662
20779
67479
53455
18565
81171
23763
32576
79864
8469
24016
56251
19386
35066
39296
10027
37311
68191
33362
56083
88527
81090
99106
24876
6612
73435
93843
24918
53797
77867
48916
7531
25161
16094
25018
54932
3360
64109
87880
40513
61263
98076
99301
37491
57733
48683
36939
69175
25154
8666
96392
54977
44646
51459
51004
62899
89921
51390
47250
51775
99349
70116
48728
94383
40001
62681
13399
69022
7617
19001
53116
29107
43543
34401
2432
41589
63934
33533
45626
94649
23922
75159
33704
63229
85906
8606
28055
48349
91145
47095
15537
71859
93826
91552
21451
77122
78797
67612
35161
66278
48403
55702
63286
6453
24721
7912
38342
14694
5442
85531
83578
90732
9834
53583
48181
75116
19739
34975
53208
63745
38497
51975
90204
21859
95462
5848
8605
19841
72614
9260
88318
30362
88281
87867
29424
95730
4687
59492
72917
20763
99771
76382
79870
70712
33647
77843
34810
1072
77426
6849
62614
38232
95129
16722
75411
54391
59717
6975
27688
47304
43234
35702
76354
47545
32503
23951
19866
60278
3318
86830
97075
49399
99993
41157
77928
67374
78945
65490
33161
81587
19005
13602
76020
78096
85161
76395
86988
95529
15241
46723
10455
18434
6772
39728
5021
30647
91721
74040
99622
60001
99295
80117
20972
67387
65366
471
90379
63971
33459
93471
67311
86954
3719
7486
66954
34463
17938
9907
80278
64360
91810
74824
21527
42042
63293
47329
30900
89308
48499
9458
38084
87702
9834
65952
69560
35742
96875
38082
74670
18758
1333
17644
31328
39226
82623
10072
13457
54681
64875
92310
61036
80585
17497
59743
61317
81762
39867
14441
41546
35894
42756
74300
5672
7379
36985
98705
56729
5796
89282
59185
40228
81765
71281
55921
52682
40762
38305
17262
54942
45654
69822
14063
53932
15166
5534
5309
27116
78318
74681
59777
33203
29803
35779
88519
46976
1821
73808
20431
77998
97439
1504
13625
42774
62505
20118
68718
7597
23802
30636
6355
39284
70636
25851
51141
94967
51440
86188
69482
98538
63604
13622
32824
45139
20850
73814
44972
40676
24708
31065
40951
13979
44985
6780
5246
95979
11569
45510
52306
64182
44349
18554
10413
17862
83293
65779
57346
73912
79000
205
49784
59507
69331
6261
63385
90578
63432
25091
8022
24557
46534
62478
77441
45444
65420
99986
80670
39524
21541
46604
9663
10081
5466
45148
23473
95385
3119
53148
57717
68828
61464
77177
32778
26338
24488
10658
53878
91958
48367
47256
27102
92565
52720
49442
92742
72220
64412
83601
87354
47621
67769
91043
85930
1435
86377
56740
86753
37497
48984
7460
99318
45210
53228
59551
93325
86448
86603
82303
74291
79514
57351
17262
46486
40562
7844
2574
32367
52055
68839
787
67108
29775
1797
7427
72159
55883
49031
13478
35636
20588
69056
99861
86533
36893
82018
58528
80266
32318
32493
78511
10180
97645
56142
86602
55780
36830
36866
26090
11477
2391
69103
27844
41894
9793
48960
80170
43316
53432
23148
12358
99107
69655
1418
5610
67325
38961
90917
5441
98770
98838
8751
33308
65721
54402
36634
11124
93238
83457
51485
96905
34109
74959
69347
36533
65772
19083
41754
72101
46881
41226
4406
80166
37479
71934
48575
71977
21205
55054
3063
93636
91762
35600
45338
27999
35572
51095
78028
6434
29974
88090
43993
19539
55238
6475
60089
76183
80403
46262
86060
82356
13301
65893
46703
467
71578
32393
281
70709
3050
49566
85856
43578
65556
42537
4909
69110
45567
18114
5898
55401
92708
50520
19421
70509
53695
67186
73317
13866
35632
15811
1829
53780
90274
46080
28021
14346
77563
8862
66705
5219
45541
36132
30482
22718
35630
92623
69619
85350
9916
61024
31559
34255
61530
69140
15643
31140
14216
490
97457
3929
55049
59946
64546
302
46183
57800
2687
69812
38460
71775
20230
59817
68136
14909
66566
52503
75243
15832
49519
80332
90900
86552
42969
93300
80330
9554
22238
17384
79028
67245
83999
69258
60786
6494
33754
7953
28380
67304
67173
36593
81835
78845
64869
76643
78017
9200
92766
26502
29130
94045
77374
98618
60929
51248
40949
91475
45013
7428
91375
74130
20918
43331
3282
43609
65965
34864
59118
46375
59523
36660
49912
64840
38251
92956
79280
55142
39913
67779
94490
37206
65421
36774
1633
22132
62366
98527
3842
459
874
65473
7439
93002
83551
43888
40647
84657
30572
86875
77752
82195
75863
58683
45166
59777
66892
21290
89266
36188
46087
14520
2629
89263
47293
90867
24415
95494
31521
46693
85771
59482
80221
64949
72218
96115
3041
11502
58913
45240
67928
37379
34253
30573
46549
69009
81867
34306
5084
78698
33313
56756
29501
41407
53785
99780
66913
62686
30716
67307
39528
23018
11491
68107
73475
73355
90231
66684
98660
81769
56202
78108
1971
40124
10422
49907
75130
48143
81056
35123
26363
68065
30899
13106
39544
96080
23260
90934
72496
21080
61730
8355
24088
10248
42493
29961
51161
83277
65100
12170
14202
86006
6367
38002
74282
89610
85414
66076
96525
94929
40727
26327
77538
95488
20901
84481
5961
39233
15418
91342
68308
35426
60397
38736
54735
56222
80682
74673
9467
52560
25159
53756
49818
63255
60882
34152
63319
73969
16952
10815
93727
68155
95354
49774
93927
26538
58578
57631
92902
88806
29849
24979
79456
70588
2962
68145
47786
40175
80124
5827
92236
51286
89143
11975
50465
59966
76538
99670
98364
70562
29470
52728
4328
24990
47598
44305
74835
67753
44460
16678
14657
32963
11738
65391
47356
78206
20363
71345
27178
48337
48529
38397
20674
74662
14635
96560
15072
37631
25233
5136
4317
57950
11760
29188
21287
20489
48446
76112
60917
43885
88809
29897
84655
28381
73305
88909
32351
30968
42918
45253
48383
61532
81232
59730
52763
47779
10839
14476
91920
25934
16708
68596
79453
29499
46804
68248
8296
25993
57288
87076
30940
82011
90219
39282
63922
23304
69390
92042
55737
83471
45319
86336
21664
44573
85828
97843
78482
59585
77193
55887
73538
33061
45951
72391
16273
48307
79696
25960
9254
19159
83710
75111
23489
46611
66041
18946
37765
50737
4473
45133
30912
38708
64432
30879
86399
50958
38982
36190
96766
28265
46206
77965
22421
70050
49457
21600
88737
73156
76060
11357
42502
35216
31588
62810
5739
94873
37807
60688
68055
57140
16093
84717
41544
56437
59044
32934
78486
69327
15170
25577
95973
62509
39459
71036
91609
47752
70653
94025
4972
41599
68409
2222
67842
52140
52301
95407
5277
40015
48863
88847
98205
60043
73180
95949
2171
63349
57148
38029
34119
62697
91823
43194
43076
58816
72338
57440
46470
72591
70034
65214
61445
88728
22121
47459
93913
22626
52407
70978
85716
14403
15651
68537
20630
87111
4735
57673
3924
42275
30653
92358
18486
88816
74451
39891
49155
14587
67706
58693
71638
79771
73801
10190
13890
26167
72031
90456
80167
2453
18891
59167
93051
65755
85454
31107
85829
90663
23236
28516
12312
53647
13817
38137
45950
62633
93776
5229
25152
59267
7578
23089
95329
33982
78043
8392
63196
41834
22911
96694
46557
88429
17425
87552
60333
65849
95633
4264
4504
18623
33687
43481
68814
44968
17351
38934
10667
89267
42667
64813
7146
73234
71275
3254
79831
305
60626
90236
68309
91491
83725
77152
84311
54298
38670
13984
3149
60324
66670
55433
13201
29627
32460
93106
24847
24776
52921
2368
83175
60134
7444
63520
14436
24555
47720
56457
53844
4732
63048
58656
56352
96963
16315
37566
76198
32562
66973
17287
45345
12608
26700
82150
79092
62431
36898
72010
97595
92406
71433
1170
25609
78719
36110
94462
46678
25159
37305
58244
85639
75970
83576
28931
35212
65980
35259
16953
64902
71447
63690
92654
11663
37361
33799
98824
1502
83344
43281
62483
48300
30050
72503
35035
21978
1359
92768
97921
8974
84546
41011
62999
12035
75993
59117
99622
67084
85970
25282
94001
56517
34256
30110
21025
80175
89571
33549
60573
35205
76446
72304
69000
64148
98850
67899
22951
68078
55883
19008
68180
11315
15947
69733
4187
4799
30074
37698
86073
59470
68311
18415
62941
44688
79597
53623
79172
18343
54463
15785
8626
28174
43393
91232
72015
39526
6906
5998
51785
91973
30406
3933
85600
57704
24705
54107
63399
97422
15042
97815
8870
52840
63270
33334
72362
90333
27090
89983
81656
28003
38648
66329
4248
27450
48364
14094
80532
49744
28637
77024
21514
60055
66865
57555
57800
23040
18795
15655
52611
90174
55400
91685
22229
10335
73284
52567
45010
86847
76662
29312
64928
21010
28779
66040
42781
3754
29129
63580
40837
37505
23778
18235
13539
78559
93820
57491
94799
61371
65553
91394
5139
21111
36290
1680
9074
83387
5866
32678
82571
34235
81814
35926
10804
94988
13467
31607
46513
38799
29168
28285
43401
68703
74713
17478
80371
4489
51172
53723
15856
15964
54687
57336
99750
51544
25790
71744
98875
22132
97216
69259
53445
56043
76238
44616
30514
80881
16406
70171
38234
18161
33271
19397
95619
73616
79125
89580
24173
65644
41258
95952
60274
25719
95719
27610
72422
48756
18399
94868
18052
91986
83460
44414
96922
96144
77670
11799
36659
445
78556
98162
72951
11595
63304
12745
9837
89440
87053
9824
50062
40148
30595
23491
35642
97249
67144
21733
13965
84780
12411
87983
85988
52612
27556
97164
58949
4110
53418
77670
26045
53060
39763
3982
84487
24512
73214
83699
87919
25567
91578
15927
95581
27010
14758
40352
17390
96033
77428
51319
40431
74659
41235
7241
5361
27488
39776
90020
97704
96803
84883
34976
52947
3911
65101
93751
19305
61677
53960
82263
44411
43954
36650
13499
11051
61775
49581
1026
75416
198
10661
18299
8877
62821
34273
55829
22982
74715
16901
56663
80681
32251
65621
65907
32281
50179
8261
1697
94166
82865
11399
73308
59195
61751
83960
78454
33756
40486
30458
56943
52984
56312
43671
84561
97310
70286
49175
34367
44111
14084
72714
74043
23028
93973
47565
38349
77361
80383
2190
88311
12428
90572
663
25120
58050
44491
57051
92935
32375
83424
89030
89365
65308
69643
29960
15127
15958
94873
90186
88973
47285
73453
46087
22664
65705
55080
18616
20258
81442
79055
6925
98500
49535
45492
60194
32295
28806
25801
67360
33566
89469
4143
84388
70024
24856
78257
50163
17279
31459
55442
99728
12645
26715
20551
24138
39056
76429
54941
73994
25385
7326
224
29097
76295
66622
65157
95161
704
12069
36852
12308
6646
24543
77071
3680
44628
22708
79271
2200
86032
38891
76504
56570
86756
47920
25783
74622
23636
19887
90676
37267
31601
69493
87186
2450
97737
43147
46829
92395
30321
94553
10269
92776
94209
44641
29359
21639
90927
98826
40672
31281
31659
70872
64191
34791
71592
63997
60706
82778
97488
16162
86714
52138
53405
85250
33385
20081
8898
15521
1906
94215
11537
29792
4048
77858
17005
96607
54812
38602
42723
86708
68859
38275
17535
53887
81105
96845
58059
57664
57105
8096
10388
41642
70566
73049
62947
15023
79992
49736
3422
83024
9366
26549
32394
35968
21745
84024
62112
20163
56727
31626
67379
92691
63795
70791
38541
22999
19926
41986
94998
50736
74533
56597
80005
96477
14997
35867
81239
47238
63244
34134
20570
59095
46732
44892
75049
70019
67964
78759
28155
22476
25928
81083
10840
98194
28441
78294
62427
97766
86491
62634
78115
24310
53153
73718
96976
45528
76593
85767
33901
32576
52324
69260
43265
77665
18969
43174
16837
18937
87310
15836
34682
98423
59387
61029
45572
1680
87148
85969
73159
80021
1052
76496
29220
66995
79238
42113
45068
57950
1361
20045
90892
77398
26534
420
72733
25264
77941
87849
25952
23062
32496
1346
33397
12530
27894
67996
29000
23258
24763
82765
98470
27852
83154
52336
33468
30646
83179
23933
1051
2372
49990
90431
83229
98191
59609
12869
40234
7155
85696
45145
43139
78657
89329
15394
69507
7649
72739
43156
64204
77407
94560
55797
33856
47881
32050
79576
4002
9367
75229
32057
75330
62607
51205
73300
57502
75201
89689
76722
92425
45954
25632
59270
90150
61507
70342
5238
75013
61118
5552
16312
50622
1940
63191
58195
2355
50011
94340
57561
35478
42910
23333
54548
29861
67920
44243
26714
70107
73544
48231
8103
43902
28382
73240
96284
36309
65374
91528
10318
81695
12456
4351
21478
30995
59704
66639
88102
69123
1008
61630
11575
47833
59428
15082
6464
91546
20600
58809
57491
26518
88415
35257
83970
72069
30998
63823
53811
96200
58783
7966
88144
55172
16619
20028
11982
63227
51126
71913
34693
15852
87438
66775
79003
85906
77087
78985
63734
15069
30165
1385
92947
48105
24638
48328
47674
61364
10116
97405
76273
10707
81524
59477
66271
20323
31344
4299
52417
75461
32603
70851
84428
56710
48772
86269
12259
12745
81349
50288
82950
73523
88575
77774
4594
43258
28471
35932
17188
50784
44636
80195
48265
61459
1152
47393
42742
18209
61095
10826
30214
15745
73817
91396
34430
21415
15234
57145
99688
49625
36399
59015
49927
70041
69596
12908
35285
63223
93715
83226
97581
51323
4920
5771
34140
34173
98486
99699
35816
14013
48877
67069
56722
85944
35613
5695
99856
77447
20042
64413
29821
49175
69290
23220
3858
50484
79018
17937
92100
12768
88323
90548
96772
68882
17585
65856
37427
18340
58997
49850
75983
28575
36074
43662
55488
79452
52679
31466
68429
96793
91866
62843
91013
71841
38605
45852
73197
93807
4186
60260
98540
54675
76625
78249
45476
25666
63762
67809
51237
56731
13158
49693
61180
53913
17040
80959
37398
34512
30560
8240
16784
39496
95864
31577
28866
55225
96561
59881
10318
92646
43973
34335
95572
97692
7273
76492
65072
70260
82151
91316
17069
86887
83452
46021
72992
69943
61608
34009
60081
80612
55335
73118
20473
9020
542
77326
49349
79071
49688
36731
91655
60821
31384
9127
89586
88369
56904
56535
97749
19908
71102
18485
75516
64170
93892
54118
87320
51742
79791
26510
89391
10073
4280
63469
87417
6637
5509
72744
65442
79032
25365
43641
62194
94072
77326
94382
71468
66944
10482
97746
49684
74828
11756
93421
50780
1534
42834
36498
29791
93089
79714
35549
15851
78001
96590
66790
84773
28989
12522
21237
66135
45517
73463
61335
35443
63327
45697
5220
9083
78752
45591
72832
79561
66798
35838
14396
79012
24859
32228
27189
61226
47889
59362
49036
22559
38956
29645
52410
39427
18508
69196
32900
98133
3238
65557
6408
42070
60481
91309
43828
37237
40259
40298
98294
98432
41236
58601
17916
9674
93063
49453
48265
11266
11221
69886
97608
46371
19488
925
23248
16249
15141
3131
28127
71845
55105
56790
9631
37814
96408
92643
59112
55887
69200
11944
90021
81026
98110
74887
37628
5770
97702
37346
16945
96556
67764
95297
76212
27480
52642
27192
96777
37480
2991
43039
97021
76313
79408
1693
21845
27281
95507
2174
70032
2673
63973
81205
20015
48213
18715
54597
94674
81213
17591
90509
11011
14006
6640
11856
73166
69315
47997
35882
7050
39084
84482
65096
88768
27447
44350
67438
92435
69158
64698
98524
46792
55706
87643
40021
65882
24752
73555
17638
22398
50419
82621
3155
68420
66518
2008
38128
19630
55273
74959
69710
47173
94843
89945
34593
25112
24452
51638
31944
84456
22272
7446
33277
57148
43004
60166
14543
46304
94751
46308
15934
9741
71299
36087
9899
28851
689
54073
25887
54954
63716
45947
14439
67197
29832
22247
28807
57300
47223
15915
77981
51627
73072
24855
15473
7490
52477
76560
89333
46295
34582
40261
24894
4239
39718
92443
11768
91039
24970
27940
3153
32032
48197
23152
29807
56530
14709
25390
82738
61955
70159
26748
16673
7450
15554
29084
45794
38259
48765
97269
81729
18693
91665
66301
29946
90930
98197
28723
29911
4764
21463
645
2773
43432
52697
69111
79363
67562
65122
58158
23797
37778
56003
38619
46747
1837
73153
24542
62534
83945
54850
41765
74828
77303
45566
66180
14374
13980
35419
2946
1820
8411
40804
26211
9951
71743
23607
18054
61909
69355
81147
32502
42612
69011
34688
5463
86835
28845
3141
38507
30306
13500
29779
1603
11058
38274
96053
16558
52081
93758
43183
83748
47211
77334
67932
59871
23986
68664
90948
98762
20341
88472
79884
79052
82356
92269
64575
62309
37906
97785
4306
44752
40332
37178
97997
66682
19120
15684
15421
74309
8440
16109
42829
78519
28667
1248
40319
97419
1783
45667
25225
53726
26590
81868
80171
71124
48931
69838
44480
64886
84869
92910
25739
10299
25032
13223
23230
20724
99317
98287
90937
16655
44254
33100
86457
92079
38234
53811
1641
67743
57126
50183
13395
63961
45475
97849
73432
20093
94795
31418
74753
46845
66844
67423
78226
13133
65106
37225
75270
71551
88173
54821
7100
6601
2771
8222
16098
85859
63360
77660
95584
99773
30530
70467
35254
45389
17914
23994
960
10134
38872
44462
84315
68876
31462
24633
56939
24369
67550
41936
15250
45680
51121
72357
19870
48683
96721
24590
81580
23658
32440
55228
86099
39005
82195
14183
48196
12276
72649
92811
41608
40183
19487
13886
58105
42584
28813
39931
7964
22723
19008
87278
6749
78738
60086
97803
83594
43002
38652
86330
75415
75109
66287
30480
39093
33098
6082
63423
43146
62857
62721
16945
71024
89513
37838
88485
38723
29032
41892
91503
32699
1390
12020
14736
44638
20286
91601
49907
54691
56599
70268
40232
85498
91129
28896
15971
28738
39690
17859
99732
34363
57428
71132
60809
40877
70784
56895
55960
59101
32555
39939
91402
84036
59371
85929
43242
3735
36241
84604
41277
62480
30048
43408
59110
21544
41529
22602
57740
28825
90360
9332
25902
94343
10612
88190
22971
70884
91048
58049
5272
90958
16672
74435
60594
89012
90112
29458
15795
83788
64663
6635
11950
82893
5874
88443
98789
23021
98537
21685
89217
54190
74326
43657
46536
91156
79100
7691
16734
98137
36780
57857
78342
82661
49835
81047
80166
17293
28574
46009
98073
7066
65449
17008
78814
88115
20111
29926
51986
6608
74708
16779
886
60285
19212
7685
12575
81836
40511
40407
45781
27800
81141
1215
38445
94385
93793
61048
85142
49375
36595
49133
39141
13737
32160
30665
67896
71679
38415
20743
5211
59217
14614
73208
94627
67430
46839
76746
65354
24898
14827
44510
63820
6285
50415
50644
13608
6593
84774
29056
73767
18440
32039
25381
84258
25409
12765
51253
5210
19918
16299
22558
58219
90429
66862
40238
99126
18787
21570
50078
59475
64521
48919
48956
48769
62492
30925
14341
45329
45357
37738
79604
47435
58370
76152
17841
4075
49882
99407
52002
97972
32178
94742
4656
80626
7021
66955
77837
63056
639
91419
91278
81779
91588
19513
91838
51399
12549
86825
13560
87530
27724
39583
72920
88470
62792
15498
13720
61250
40473
61189
21942
26552
49968
47238
56036
57646
93397
24063
67975
72124
51496
13185
11291
2641
33044
11650
20104
55510
83621
55017
78970
7053
15922
49090
15858
29674
88365
90388
48661
64967
20002
64894
39103
30937
31823
39816
84589
38206
22010
30567
46380
77307
1078
12689
91559
16406
11660
57366
91438
26372
69765
9985
17558
73044
41476
23510
8511
92504
35309
62752
82930
60831
88209
24567
31450
27417
44251
84236
86646
50088
37572
41915
46341
21465
78593
35344
97881
66317
14467
93475
81484
44030
93429
8495
26633
22101
92557
14665
11395
85667
33343
10986
80340
41919
27303
34390
95789
46537
41219
28223
3080
74545
28909
65990
24330
13649
39809
16324
91737
23278
28986
82709
67895
55362
40088
30452
21334
28193
7019
62928
38954
49019
99714
50811
4577
15033
19347
90831
32637
99733
15558
71869
55167
58821
45997
70110
37430
21573
67589
71109
78775
23313
37068
6276
91738
57507
42537
61617
32469
59143
43466
820
2653
69840
42590
83515
78682
65856
53038
79854
1161
2203
48378
19936
93735
90268
50345
87933
30524
54648
51669
95640
72481
69850
55419
73273
25132
3363
1848
21428
2681
95192
91346
20335
84556
69203
36575
8453
88628
48522
66016
11243
50299
35578
22171
46932
73590
18985
79045
47234
46138
76941
56661
53436
83673
59186
50818
94462
60263
93761
78909
96651
54536
42298
22159
76116
80411
98030
66534
47653
66633
92793
38957
68141
56392
61357
85247
94056
65360
58270
71813
31560
36746
41005
90913
27292
62085
88090
90191
41206
65269
59501
71817
75510
92606
51846
5459
49948
55440
6343
84841
2088
54712
99554
57590
10717
74322
245
10625
11295
55738
13479
26210
67687
4828
16740
20620
21259
79749
76097
15631
6586
782
76325
14412
66714
19681
98667
12165
17420
1622
38120
94394
45523
25595
12264
61237
64868
78226
76645
21077
57554
2535
15999
6608
24441
10386
98928
26085
781
42275
4736
53683
97679
45284
2606
23084
76158
43328
79371
41090
2878
83731
59905
20131
30563
78220
19573
65262
1643
82717
53256
10362
97085
4813
34029
94988
74624
91251
79863
95477
41790
46348
79785
82067
94745
73300
71743
47747
26760
18241
77042
50281
41485
45421
50589
89110
88498
78573
80490