60736
1282
9804
28644
10516
33392
12453
67811
82667
71976
74297
39085
92725
43375
68611
84144
53988
18526
41001
66309
5257
21748
4406
1230
63029
53514
69827
28289
91470
60271
99724
19991
20005
38306
88017
9251
90083
61476
38786
98262
81990
78639
98407
48331
68485
49829
936
96939
36368
31209
58252
19034
28346
58139
81912
53475
31316
28435
5189
93057
2560
95341
82767
98303
85810
47503
57428
75968
82143
88233
23008
8226
13980
82434
10081
13082
66266
17520
48450
80699
59570
39461
34271
3431
69099
32874
60542
16268
65098
59200
23534
97307
55613
29088
47532
41857
49621
24246
82675
10096
34923
74376
98359
77271
23505
21044
97784
71611
86063
4062
97746
29018
97892
25837
83492
85134
38972
49743
95366
83571
5874
89974
88915
55374
40358
16428
54048
17414
61250
14422
69135
50560
77970
11324
25801
86509
3889
94206
68439
8905
15229
61202
41501
70978
84231
86193
19516
18850
97886
67769
75719
34311
34599
96402
43170
90026
47235
67681
17071
42860
83060
311
41706
98703
60836
43538
82531
97854
47066
2781
85357
85068
541
62235
83995
48991
13673
53600
1184
61463
40044
98170
26188
92058
25016
11971
73848
97780
84409
26775
2208
90823
22335
24904
28277
8183
94733
80178
64919
17105
83584
63257
50521
83877
45849
66962
50358
46390
98806
20987
88355
27041
57700
75358
54501
19863
53369
24238
52459
37033
76816
19476
19092
80482
26154
1315
47776
52054
12056
94795
35599
78711
17851
86034
19918
51660
61877
1425
77106
76133
36687
99591
31542
4177
45671
27278
86573
55102
4316
81411
8929
16330
90005
16273
91226
26850
24623
70178
26458
43827
97805
59389
52475
71790
81997
23560
49028
29244
3203
65936
80078
69311
36769
48092
99760
47069
1493
20141
11985
15243
3582
41518
72698
61168
11570
54774
62572
83307
34952
83865
1510
35364
69430
63392
73271
52426
79087
66157
71655
18491
53809
42090
94409
46818
22601
86734
66024
40802
53238
70295
14124
14371
48886
40259
45729
72278
10123
48492
59907
3697
51587
36919
32833
98783
94926
90376
11507
50198
56442
8076
2877
62663
37727
52567
99176
54467
69209
82661
6304
23800
55382
39669
54615
61996
78294
31615
32733
95948
6501
62102
26824
22368
77086
81883
9792
76496
75024
20564
37418
80592
18010
86631
57988
90866
6867
13253
6534
62250
18708
13661
63882
26410
36166
454
21091
53531
99403
94172
52069
83017
78551
37565
61540
82813
89857
35896
23096
35376
61633
22181
48892
30866
30266
51731
81818
18099
36371
46523
36969
35387
75182
59309
1855
68555
74689
54901
25541
27265
73826
39870
181
67696
73549
59146
88464
32289
20301
60975
5775
25832
89594
92856
91057
30607
12291
21110
9253
86959
35638
84953
53918
11737
21533
59399
31057
13304
9988
6743
41231
23417
21539
30734
41505
19801
52619
61436
20071
24498
9563
35697
3080
62845
84010
43253
36474
61363
39671
46919
63104
95027
65609
86925
96747
20492
43652
14851
35064
60920
3354
77739
85928
34742
37216
45398
52044
24249
11353
68252
78089
11220
49103
62438
95873
40706
22662
83889
94422
59563
37526
37087
77215
15884
37446
33237
17262
72940
16433
76337
65709
83323
64055
89324
55053
27504
47445
57013
38948
98021
84364
73557
43300
24534
55519
55102
3953
15407
76872
71069
29735
81913
86703
11100
48589
93655
5704
22206
17756
3820
13444
1864
50611
89432
22730
16706
73532
66387
30788
65746
1521
98692
1537
44088
11243
50213
1729
74178
65117
91774
38232
14683
64242
77800
26447
61946
99288
81153
92327
7349
49594
47980
13672
61413
62025
91177
99827
762
10127
100
45388
84998
73675
35091
74569
94448
37971
22166
53713
53044
14198
84074
68203
22328
51216
16632
24299
95921
48232
44006
19656
45610
303
73667
77725
23289
3716
10735
1223
48243
37062
36798
4410
72016
74601
60541
70019
60514
43837
64570
3167
30456
27950
22517
25755
9807
80157
15613
36555
43434
26811
50954
67305
95618
16954
86434
65355
42227
77669
70547
84211
36706
53924
46955
35437
68578
61971
10384
9307
66965
3468
75424
83460
48409
6170
4511
28588
41156
6426
92830
1931
47655
93871
37435
51043
24021
63456
91118
7879
69325
80644
76949
77493
65041
69560
89466
53074
10411
8461
51151
887
35050
7458
6143
11008
36744
97254
75200
15011
13014
75815
4667
27918
51292
80116
37606
94448
88118
5827
8624
73655
12791
59821
6686
57439
8697
79647
26919
45914
28747
5407
41137
78906
40865
84255
35487
91049
12144
4459
78795
84462
9545
13346
26248
87247
72430
55316
24139
90139
94130
63744
69404
58947
82916
28181
5792
45559
85400
47058
78133
90989
79381
61596
12848
5298
95446
9633
63153
12930
98124
52794
14295
26799
89966
56579
30477
15316
11773
35792
1890
86746
36812
47129
71183
24817
58554
35537
40599
475
74959
7746
29881
56060
83198
57806
75416
76760
34140
64547
26215
25946
44837
47605
79533
33320
92481
84771
98497
41765
34306
76422
12971
74173
69483
80668
85054
14062
77850
43231
8673
37711
34767
44242
77506
45967
89179
89299
94029
68979
37996
51521
30701
56850
88313
55379
11338
98186
38369
35185
23964
77439
66334
56914
58394
19729
76426
31994
28932
92278
84633
9405
45946
63191
77916
6429
30960
48308
7056
97815
56360
49217
41796
87898
27296
70187
29544
21946
17021
99943
66795
27246
84311
92960
65619
29304
7946
35176
87335
66547
45417
81522
27368
94455
11875
55586
36789
66032
42698
43267
37920
69137
62556
1116
38484
24627
64036
63757
41685
21300
26870
64432
72923
7062
45422
33008
93802
96026
58499
96380
16385
61013
89175
40683
12857
99088
97426
54415
8886
60506
6930
25212
2121
64980
29866
37962
47978
80862
63309
37444
36865
59794
73892
13123
32525
88039
13733
96572
11781
9882
68696
72852
81657
50397
68385
51405
60273
82421
97391
53200
97820
46458
87233
31632
12755
19617
16591
97550
23163
47107
47188
96103
12579
96136
15964
30558
21404
38052
90907
82787
71086
40156
13235
44976
79227
63468
13096
12575
76604
13847
40485
44135
25278
74004
91895
41322
80061
5650
63467
66193
49070
62932
98363
26905
28086
34568
73892
44155
36899
62152
37945
60600
38239
43053
93628
54944
63939
4967
33308
81283
10234
57196
28539
14745
70160
23852
94332
63928
92674
77082
25264
57211
8486
47467
75467
62238
50843
29667
18539
54016
23672
85983
60813
38869
97509
57482
72468
66065
6696
96739
51322
87721
83281
81230
62591
97968
93968
21936
7785
58506
57212
84637
64580
18039
63873
67631
40516
37919
59307
56457
76665
20936
3972
1800
51070
3724
4377
19024
96471
11219
32636
82511
14539
85067
9215
53330
78799
12884
89756
89232
95828
70035
53358
64424
64119
73165
20745
52912
91615
15206
64640
74877
83296
11135
3381
38975
12849
70240
85533
67930
64284
10419
96505
48978
68499
40210
10641
92397
94528
579
47306
50625
26612
98076
29522
74444
78463
5584
11604
75943
70219
89109
19983
67387
69880
77662
14767
68963
27122
21548
2469
70186
9031
84777
31223
59125
64120
44173
8889
87742
67224
79801
77163
14479
20184
63483
31407
28599
14636
89321
56685
13263
97633
13213
83166
17657
78221
45057
55949
81020
87807
89997
75258
54053
46879
38246
18046
7155
8762
93557
31569
4597
53205
81572
5396
68132
87947
38103
718
48840
92652
47826
62944
91593
39502
993
593
41231
74545
35621
69972
78442
18987
65443
98710
85951
31922
93516
17382
69687
52190
22118
97126
41864
54602
46632
52690
85134
9690
31774
90954
57728
6627
65385
93208
7432
51154
5623
85473
51477
55233
96537
43610
3750
23987
13426
23249
95562
96061
66927
83362
13267
7344
4323
32908
45902
28449
83654
53694
31502
22567
6173
67871
92256
43297
57753
28725
87533
19176
69944
85558
19798
93298
93207
83837
15765
74030
75220
4389
22889
41209
57753
77771
44850
42345
57781
82530
59873
93869
11172
52308
94834
54311
49692
36181
42692
95259
28541
23939
29496
48553
49175
34696
82661
49476
53799
32429
48185
4362
95769
61933
777
67342
26734
63303
77922
31068
34541
74837
47911
65570
34041
9108
4607
93710
88902
40689
39069
50459
50736
31915
28282
58131
20217
14704
64959
66740
22010
77114
27121
10396
77430
21602
31891
7219
49913
60879
1549
79963
80372
42497
71208
11810
75889
5691
75845
46041
54870
41618
32030
55814
69049
44275
68507
73048
5544
90497
5593
95139
83642
60098
66869
81062
7362
82307
73686
88271
92472
82198
76875
59553
89732
24932
43610
79170
98418
7258
74536
64539
12337
32997
94839
58712
74696
76206
70190
85271
56441
2389
3714
73721
8384
34391
2282
8256
52205
17112
70264
68684
10956
71310
44562
71478
89567
48009
38102
64746
40364
52732
88055
39711
84129
23830
26487
61467
41350
88238
87189
1349
9438
65220
9610
66898
17283
26934
11827
78401
48765
44879
46497
4736
19277
29209
45915
95186
98055
62486
47760
82314
17634
2196
95135
48906
66694
67257
46739
38576
67109
18804
65790
86289
65879
26381
91731
4401
79312
60571
66403
55542
73601
75101
15704
70901
86988
20993
72015
29986
49259
85946
5248
1056
92150
61583
29710
75929
41008
16845
47754
31223
64375
61326
68992
48233
43731
79604
8114
33406
5042
15786
57604
88329
66279
9418
80136
44131
95643
83336
61331
69674
80069
874
56779
48623
66718
2682
52996
11095
51527
79721
39898
4190
8382
76005
96423
18001
60986
37780
83002
31237
53617
94135
86648
84723
42257
3557
68438
87707
67723
37467
67285
4031
16356
27868
19593
92002
15743
72445
95770
66711
9485
40655
721
15464
56544
28023
14904
65698
98107
61411
34805
79581
94439
94676
26323
77969
95958
58333
43875
92413
28044
84203
49595
11015
54488
82666
37410
6236
3379
42088
91064
34460
96054
49816
75777
17982
65923
38090
95843
23134
26241
47315
45501
64325
63741
19476
79104
28290
71208
306
85922
20777
58526
59942
82839
67647
79736
46073
88592
14957
51124
27211
60767
45341
55608
27785
72176
6257
52919
89040
59258
92387
3607
7829
46294
97990
52865
68968
22953
89210
27723
33335
65748
12753
21943
23533
72109
79441
35878
41617
50982
518
7973
57520
63075
96154
75443
4328
12478
51872
40039
30512
38716
22114
74773
81450
85997
375
99124
78238
70419
35157
74956
49584
21023
19784
86275
99039
81286
40831
97790
8981
97888
31848
66347
87120
43649
6248
76764
597
96827
72153
2788
723
39923
50392
2486
49231
76200
82302
47177
6734
29618
67838
22452
88601
91210
74287
86646
23235
29026
26093
83953
57652
90091
26774
5951
1333
79745
59453
23583
58941
71015
36787
84757
88526
7124
6644
77826
92895
16456
31332
19259
90896
74665
45107
76419
96203
98060
66663
75992
13619
99317
27243
23910
75749
48413
9802
34626
68726
37284
65318
94551
40543
41443
25182
17113
24389
9486
18191
4244
45288
16496
50118
44521
6362
9959
84394
36574
98165
54012
91284
26552
88974
63288
21492
10410
27337
96069
68747
54621
87081
94503
60474
40803
79260
63335
15727
72419
10430
20157
89387
73218
73918
69697
5449
75484
20301
29948
88176
52658
96540
49035
99073
11364
66556
4913
55788
83503
93163
28153
24732
83727
86322
51910
42314
90319
9088
56645
31511
92209
18127
42939
67327
75387
4545
99871
66767
48142
35224
48876
73853
72404
94997
35458
18977
45425
34659
87822
21485
53549
71366
64757
98666
23498
39736
70806
11059
30476
55005
69158
37956
87623
83810
42869
31490
66136
23188
72549
4174
6621
3504
93396
94661
86347
14992
32908
46225
66564
41894
28174
36262
10932
70571
24981
95508
97820
93325
99650
20965
9065
26125
89988
23284
24181
62567
98307
21520
65846
7312
94397
30253
45989
63702
48428
35690
25734
60072
26581
99206
64482
64557
57041
68857
46713
89160
71281
40231
26683
49097
9191
21379
51330
48249
86389
98067
71743
71270
9015
78012
9333
59990
1334
91509
8007
67644
49511
39800
1117
39377
49315
17890
36087
96252
6137
42407
56040
89538
42702
2624
5055
17432
21354
52116
65499
83935
7978
187
24388
9297
61078
15429
12576
15964
44850
36650
84905
49405
91744
39468
14020
19335
42982
21503
87537
32407
83604
42115
24172
29334
56550
75887
37595
37818
81947
66251
45703
18790
91918
13369
8550
83045
21178
70788
56884
23437
83769
57495
71859
79159
4335
32113
95184
24465
79267
86035
58923
82732
85320
21439
10883
15458
32756
86043
47108
27547
231
58077
75443
36612
48952
47373
38760
88860
10327
36400
84922
87660
36725
37146
9212
95338
17278
23807
22137
40218
81813
93588
94253
26864
7561
74497
82644
58260
5113
71257
29192
36017
30603
29227
2474
27785
75156
36189
93702
88867
86534
82998
86896
6147
97524
54640
80241
56471
14529
3170
60298
95483
96577
25419
35178
86282
28919
38232
34024
75208
51769
82090
57828
84781
14178
60167
58855
70432
47072
92384
82922
12800
79319
82058
69956
86139
43316
52514
23342
74763
5848
25684
91417
40370
96962
56446
92015
31291
90556
40966
8702
23797
71878
4315
20813
11906
63123
35869
67372
21427
92248
88992
64622
99828
10097
19990
80427
14988
25625
25437
48995
47909
11993
90256
20547
86115
79201
64364
67210
85110
28767
71096
23363
66451
45610
34255
90409
8354
14347
77563
22864
99237
42699
40779
32886
14625
66040
14578
50358
84582
7774
54243
29028
90049
57968
84631
84452
50325
92809
27777
14295
29225
68427
62506
75128
19278
76041
63707
76792
71942
76104
57135
56744
87029
34977
50663
60519
98238
10209
46322
84769
68384
82925
51345
18620
60043
2074
703
65883
50175
83064
45438
64321
42292
99945
16467
36880
50510
62307
84227
9919
37312
36376
81204
8354
48030
13706
14697
14088
90536
74808
6593
91875
91475
79290
78590
63787
82630
72790
3904
42669
67581
54691
33320
79684
36846
66586
63918
89106
65730
94338
71522
64926
99203
37150
87448
64457
75926
34643
33274
26667
93098
25882
41428
51921
64307
98181
18329
59894
91222
27357
79711
33438
47924
50440
18997
36958
39031
96978
63379
18700
38503
55830
78294
7163
36967
61258
60109
42206
9166
75768
12066
41705
44901
16874
47316
20790
89059
85651
63835
44499
84542
2739
97028
53740
20802
96957
51454
43215
68838
99900
96055
88085
43806
72182
44907
83829
58068
12034
28581
70749
93300
2900
91225
22257
23717
16992
70229
22274
78455
286
81119
21130
78631
27340
93013
50550
19476
30404
42561
33619
37267
95048
12390
12469
80052
74475
35835
69329
41404
18525
61220
61930
27409
617
46666
88018
22291
11153
59102
60844
58564
90068
43956
44885
322
53888
25011
11066
81079
51430
18978
97274
45184
25533
81273
39372
55673
19004
74989
23154
19581
98736
76277
39764
80554
23158
55987
49053
76717
93249
65436
77143
65342
64933
32146
65241
1859
20273
81420
29459
94971
83526
27794
6239
77632
49540
63352
59786
20683
70404
16436
12609
74918
18184
1331
54602
86004
34426
96782
97414
91136
79283
44804
56881
54428
7864
17773
67760
91600
90828
56418
26948
92866
47999
77712
41034
37227
80515
46143
47388
34413
95057
10402
97973
54402
2819
40620
27799
22675
56867
94850
89132
33427
64838
76993
95685
77401
81549
69199
54946
31612
27415
35006
32701
2926
30356
7457
76710
67568
50537
28226
23880
9353
88650
42352
48104
1262
77805
28009
71293
60467
71199
69865
49182
86330
71849
99132
48135
62513
6654
20940
61561
60654
7782
2583
95037
77050
54038
17695
44477
22947
75994
87816
37497
40858
40206
6428
80124
13199
62012
80097
5851
64205
77325
9109
51551
57233
37692
84859
28941
40707
69234
96702
42778
19364
57851
16017
47801
57781
72311
82390
58155
52943
2775
90927
79598
27290
28086
30278
88818
96587
76731
78722
94460
28902
97758
65811
55015
86991
57832
72595
56761
38693
76248
37133
65823
26175
95031
33485
847
67913
88073
58832
74710
23841
23972
1233
33059
19225
72969
41290
3657
86775
49902
47598
87898
83160
65954
27811
21199
31886
77022
2106
30691
68930
48851
17854
12485
76152
4002
12154
44502
46566
38690
76918
84038
37727
17260
57505
77396
1329
43172
29759
9996
44822
76372
57068
96176
12758
52015
56362
94721
90470
40293
94260
904
59782
26171
60512
24869
97384
86553
18095
52516
98693
84884
38446
13962
33354
37750
14536
50562
86436
71214
31043
10066
31348
88213
18070
49156
89349
94781
62346
71771
74992
99225
71111
77097
37639
50963
91402
27173
44166
62374
57757
62286
22421
21554
92444
91714
82143
84725
78311
14829
97182
93599
75247
97369
71432
53374
97438
89343
81665
62721
74291
83708
39797
93923
4217
14979
50007
75376
35609
55409
60162
86205
67695
15422
84985
67050
8403
32020
31776
40438
76249
95526
19711
33605
26707
163
34220
90023
76135
9128
82485
48652
82843
34328
85641
68244
20147
10518
4078
91311
52698
31019
61649
39816
60963
94662
72437
54165
16834
95718
2631
79177
77382
16376
93649
72830
77920
33965
83313
54498
21730
59818
72207
65892
47061
94957
77003
78781
3165
81869
35972
44298
27377
15651
21876
51613
802
15144
76274
83845
58368
99621
35825
18378
47631
83252
81602
43382
83583
1642
13712
78685
42992
34688
97609
92721
84828
10207
10979
80356
80615
43968
51757
24052
37786
65930
74385
23540
45464
23645
56152
76845
77310
45079
43772
76843
8693
86404
49114
16476
26656
92239
9079
3703
42254
38673
83174
80157
41120
90827
18982
23871
56963
79996
15070
54732
68652
55189
69026
12657
46928
27354
47133
83022
71853
81109
21975
15277
90267
69744
59608
12612
33211
82944
77771
98039
69079
11134
61823
37134
80003
69680
50387
13232
44166
18026
60254
2385
74608
60514
39551
69202
59242
18052
37225
49096
50939
92962
71451
71192
33002
70039
24863
28121
60418
70828
63740
20694
65863
66927
1346
84545
89229
97614
166
38052
61432
10587
74814
94274
12425
50678
31206
86051
68768
40753
54692
16154
1226
54148
96802
80643
4865
20866
26369
42381
11316
27428
40618
58907
23720
12502
78548
92718
84985
36247
73322
69153
90066
35673
18511
46279
26299
73499
97821
90365
74999
89303
24447
79379
68993
77876
30625
45050
51327
65189
14356
27369
70634
94437
11068
90729
30249
91190
25991
97461
13519
83509
30113
53637
54102
57814
42163
48739
11383
26215
1962
9093
47129
20173
28269
26935
38637
89109
80739
83112
94684
37994
32056
12498
50733
67147
17711
78182
45049
78203
41429
39873
78794
89086
48682
31291
12557
18426
83011
69634
59375
62955
49159
67742
94065
99297
7610
4534
85372
92570
58096
72330
36494
8165
37804
9448
71139
71627
40904
2644
76061
81657
53437
75167
60676
38985
76412
63208
53573
78703
51736
3847
83949
12540
76454
50479
29084
1567
98688
8283
19419
74047
92100
62035
1321
73411
20167
57127
60613
85252
42506
67730
10261
31387
61190
60692
90920
73074
66872
52037
65203
69591
19882
96269
31152
94003
3525
15288
49744
51203
72707
47399
13314
40752
55006
86444
55266
77792
95070
58868
98041
77442
15481
82144
62708
22274
44923
49299
41270
89932
15586
55795
76715
86104
9145
88554
67076
82625
383
60406
38335
89876
5673
5796
19527
21148
68818
81419
14762
38299
8382
75933
87842
99754
25861
10819
50437
43276
11980
29583
58567
10606
43023
45390
2397
79845
77911
54389
40793
9173
18185
77450
80614
20136
636
45187
12689
38389
37879
99579
87431
92647
42458
30099
87936
63798
34742
31719
99007
15806
42568
10915
7239
32772
83639
46582
6765
79395
10672
27215
35405
57797
13508
64251
97018
80497
57032
31068
89509
76715
64960
62887
85751
90674
60134
17407
65618
55683
89064
29316
13011
23645
23422
54722
31980
21025
82456
83495
9550
94710
25633
10021
77944
57953
51341
18681
24433
69280
70678
81293
48473
89927
75507
75192
25855
60790
67304
39148
89384
80841
55186
21035
16969
8504
14412
6760
61982
8166
67677
28909
97135
52803
94378
41673
42114
67201
43654
1351
31645
71352
97795
12739
67944
542
13834
39894
53140
18433
23664
13787
90100
9467
64893
25853
16684
56624
20399
82374
76272
94275
78753
71011
66265
30339
65148
49269
37613
5897
78805
88012
18883
14890
86585
15616
3745
9032
88341
72342
31535
6526
28257
55531
39522
94405
36949
88071
34584
2200
53704
18076
9358
91334
60410
92898
59519
99091
74060
22790
14982
92461
6825
9827
7729
1966
19445
89713
47164
76080
44322
47918
40647
68578
62651
6329
74550
83569
7053
27219
32476
8579
18054
32333
58329
6268
54749
75007
25291
95222
14174
38318
72794
74647
6962
50628
28755
31720
64357
92435
55079
29135
4587
11600
99393
48616
13462
1177
47913
17479
98796
94160
623
20978
22354
38013
87202
71336
3830
46842
53730
68931
97354
17936
43459
56216
38570
85632
86001
53611
72662
24562
44111
77662
86213
25479
67930
17465
60705
67759
57179
71140
13385
64100
13322
94185
29708
10253
1047
62759
69360
94600
91039
89077
55822
53586
84679
63776
3843
32672
4036
51274
58643
23311
4943
12251
84259
65982
21047
93434
57255
94112
85856
68401
50291
38927
75960
49897
91206
10376
17526
92831
69675
8057
29163
6552
98795
46540
1924
71968
36234
49636
52529
29575
62501
78577
26301
62393
1231
62773
17728
78709
56920
86692
91419
15983
52236
17485
46667
23866
61870
54314
38381
764
25661
66996
64547
37448
35367
32674
66510
37253
87899
62330
3844
60927
24097
50799
78129
64523
11059
64937
37854
22249
24369
28834
80311
1765
39777
10436
22167
36138
12963
34744
17583
89870
62872
33670
40902
65535
23674
4263
35278
60736
94251
32980
26651
87486
36437
69787
27549
31396
89152
81344
42202
39046
46398
23731
69268
52007
19282
50180
81150
72984
93212
41815
10938
30720
97529
92611
14966
31670
70217
68823
66282
52262
91356
57262
31640
22517
62447
97237
93135
26140
93571
859
68186
55361
11081
54252
30644
56947
81668
80950
97376
56918
28009
42065
27455
102
28578
36297
22717
35229
92807
17183
89475
69313
16392
56399
7402
75793
18062
9332
48800
7047
42659
20405
22967
22161
97145
96521
36420
65965
12167
72694
19853
46460
96321
91462
41708
96663
89825
12520
79732
65799
10375
63801
99850
90515
70192
32633
66752
63146
83601
11150
52367
14169
24366
34942
65763
22883
34014
98321
94245
58003
49930
5446
27890
12614
13894
98201
63215
39326
44048
59210
96409
86529
87127
47122
35826
51727
33487
37375
95645
69636
13943
64548
41128
57757
93197
61702
88960
45639
41602
64953
71850
65395
40495
50473
66726
66267
85612
80826
75114
20435
1607
30611
39401
13975
63095
11370
86209
72489
59269
25073
90372
42455
72661
31832
37425
58246
96017
88028
88210
56800
62020
28234
77881
26687
17125
70053
53737
86303
46777
43723
34114
5472
83143
83874
63167
93361
80899
95485
2826
80990
83344
92814
60935
18043
58269
19670
28935
20933
25367
38859
41614
46121
70602
84708
94546
84036
26672
35749
65982
23878
5640
87928
66498
7377
24700
42526
74951
43142
52859
33677
53355
87667
21537
44125
6019
28447
84320
59110
5892
82562
30584
97929
12184
46879
1331
46298
18091
57108
99934
3352
79642
79930
63760
8631
41518
87881
76832
56618
55971
97108
87751
84981
81149
32653
31621
76400
48211
74425
96245
65328
51561
68562
10681
23346
24538
70877
58373
3749
82115
53513
1720
69524
11484
1335
6750
84931
68097
24238
26836
6003
23763
64925
80885
82117
633
57787
42002
99285
58288
33676
17306
52119
19367
74155
49485
28437
87977
60154
20175
51509
51511
72646
39253
8992
85153
68422
76315
58618
92776
1319
63027
88488
61863
10419
3008
17231
73948
30918
77865
72229
25802
22723
72358
54644
22984
27159
21382
71627
83735
87297
98753
3347
49527
69509
2140
69489
26242
50781
83893
11331
74443
37528
53200
39976
80059
70163
1670
3217
30446
83791
84326
72820
63243
43910
70851
37007
89755
10209
77695
34053
16528
10874
57109
83118
44374
48841
73923
79408
28091
1999
56198
91967
79002
85997
26329
49593
25067
68372
52508
44420
12887
86900
93769
48216
66430
66787
91146
79281
70389
45911
18463
60870
9009
49835
21999
22093
43767
63466
88801
68337
66330
93496
72761
99512
13470
70591
96130
64236
7752
3554
56958
13672
60401
51792
6092
90132
35147
67281
14643
85029
93918
68287
20190
20798
37590
98867
28311
53478
41563
64012
76217
70448
3957
94248
28763
31015
33182
25881
16827
31340
99371
73188
47242
48076
92221
65101
97000
43214
38174
48690
3771
68011
81635
65074
56718
6909
39445
23604
44251
4887
61210
67116
32174
76479
19862
38498
47587
5316
60322
92282
89313
64807
77141
97529
73166
74676
9994
76411
63902
21769
50617
72537
27579
71076
59420
33057
29423
93310
81592
73389
65604
76443
10029
61457
58839
75252
74099
73364
56193
8985
76159
51572
95115
59110
32737
52191
93669
95085
24792
82775
54365
97706
42113
38513
71093
31457
10687
59599
34222
12485
84497
13063
73414
10046
56258
29073
57899
23812
72537
28550
66177
30413
49185
62337
84009
15122
56735
65414
27057
17286
67527
45403
21074
82398
23730
9374
14906
73917
28405
68567
10121
49430
30681
38371
81737
36226
25864
27819
15578
12740
90447
61230
4125
14710
24861
23458
14128
30873
64140
87481
89972
48223
31707
86125
41609
63739
21712
41453
61889
77071
43828
9510
27750
75880
67940
30246
89373
1124
1670
66328
68147
11270
74251
26038
62398
86657
29743
16146
20853
60233
82017
2548
25977
41726
9216
92403
87565
22780
41065
39460
54801
76447
82054
68233
91675
45294
50127
20449
25677
88266
63276
92190
72826
13524
34920
44119
8687
73666
96815
2523
30160
36787
71021
29353
65304
59584
27175
90718
53883
33491
93031
32140
40915
71122
85484
22233
41806
83299
37717
57589
93896
18388
65921
37466
12586
65793
77398
50847
20520
52580
39437
61057
10194
57921
35673
34723
99294
38257
43322
34935
63986
70897
23270
11361
30002
21588
55374
61750
74452
46536
35542
38750
2197
18419
38548
61031
95228
44155
54938
52418
78423
75698
54161
19432
63914
84287
64232
94561
49877
69710
83392
87294
76224
11962
14983
89548
46655
61382
18781
28747
41700
45479
50878
51796
25172
49968
42591
56698
46576
42317
94912
89441
40668
13318
72434
91903
31800
74604
6001
40722
71297
47518
46654
64610
69861
36581
18777
23769
84173
1720
10499
25295
73783
77676
78944
12222
57016
3912
78817
80245
57816
9932
65642
40076
78206
26960
83167
33273
24653
98179
8428
51686
10791
34026
8649
22799
72796
31605
79970
8557
82831
92240
60287
40560
21751
19511
88192
14470
36831
14358
39612
32760
74198
34076
11728
75966
59613
83624
69748
76334
23864
24249
67542
57199
18213
42594
7149
64838
33139
89735
19481
80161
62504
95351
83511
47704
71277
90544
89276
7490
76172
58180
17036
51210
56785
70873
57265
96581
77595
76368
4110
57024
20570
7889
91156
7609
49482
24153
20625
3841
14414
44100
39111
21760
37802
62571
22846
10344
18985
46245
13620
90526
39321
3716
69542
8982
57277
51276
41089
37540
69890
29533
36568
85469
82288
8458
42286
19686
8036
47544
43654
7137
9847
5194
59673
33465
26259
68359
74325
51888
57721
45369
92969
41041
26557
96274
52946
39493
35016
38428
63847
58303
98591
6694
22097
11259
62761
9356
14994
36142
55912
64010
73562
14764
23561
83396
81565
76599
51250
3623
43635
61139
54486
71245
59828
70791
53117
43378
96268
13649
64065
33814
84979
35396
23191
38554
26090
78434
72776
43618
66468
51124
83471
70418
1105
86069
30241
39876
78139
3089
24265
98244
50504
32163
17357
19105
4761
35186
5930
53913
61129
32017
91075
38448
12821
74011
20156
58777
97467
62750
14415
66295
17336
18688
85421
79125
23112
98754
96926
95862
18613
11249
61172
66101
62641
25966
52245
77390
31436
61210
26958
12974
71352
94883
6050
90271
65521
33625
8430
85075
88512
26298
47306
45746
99969
89981
66932
3281
11838
44112
66876
80585
60769
39399
46128
53385
40273
34263
74187
89843
15651
12253
24061
55074
81248
20158
15194
41473
59740
64313
71011
94581
16956
47931
57382
47366
77787
40665
20278
88310
45889
30817
24959
44977
12002
60105
95682
55071
8052
56313
6400
59850
96117
61948
76696
9139
74205
8491
1228
41652
17489
43637
4331
17252
59774
57549
60647
33032
42226
73385
85083
84211
56126
27259
47350
9024
3646
86926
63795
52071
10616
95533
444
87270
38524
75744
50026
69152
3046
77984
79215
79909
82543
5675
54795
33819
29796
67852
4735
82701
21938
75239
49359
1190
24830
55857
96585
98306
64228
89466
57648
4299
43290
48896
78753
71654
89389
81438
44659
46160
21934
69985
1534
90236
91341
87483
92069
63037
54280
22640
11764
13904
60391
48104
32123
38741
45926
5590
64453
30136
59865
27173
29881
87983
35173
67261
4949
49160
25471
38364
34325
92335
404
42557
47372
28535
6180
31544
45534
4289
47280
60658
47336
12008
52558
71605
68102
16331
31815
75728
90613
59564
76272
65148
13081
96666
77591
59748
20666
56970
86099
31583
57986
71435
62327
32546
59354
19510
33404
28346
14070
10645
391
15071
93175
13727
72243
91956
53855
944
2471
35206
8709
10661
86009
51524
77032
77462
18578
81605
72237
56687
83362
32345
15718
4404
7510
16745
94953
53292
70653
1043
6594
21901
93447
94973
37503
94303
17672
38082
4256
24106
13919
60111
69889
6233
75713
17245
60449
20957
35905
27211
50450
20346
90662
33199
77353
11731
97785
5298
17619
55539
44268
49616
29252
48409
8494
39041
99945
48336
14041
45629
52160
46424
91081
57805
31330
207
52275
81729
91110
95365
32120
57940
80226
62825
71104
47291
47220
51577
32174
41930
84833
13303
2790
8857
15466
71642
57474
50124
1128
30421
33353
38698
61419
88322
77888
53626
43309
36605
37786
80190
14272
16576
82943
98954
44132
42627
59438
51218
92724
66573
72621
93586
73772
76681
71647
55332
22835
5729
39442
6196
92067
13422
10621
89452
60209
22859
87310
50605
57105
37024
46828
71396
79137
33993
15578
89487
92225
48172
83299
75777
74085
47937
36795
95243
77808
11193
64511
39199
50886
63480
8695
73068
34756
70202
99545
95714
81469
23363
21503
22898
51788
71809
67910
168
25324
55742
4074
7721
51085
52101
79812
29326
51378
62737
76663
7432
82354
46005
76843
95644
73692
25971
18478
50153
82788
80151
89575
19694
13013
79976
8390
75720
91203
75920
48628
53038
46629
95743
26076
80674
957
46087
70741
55472
41767
56208
66043
94430
43954
97823
17542
66670
10525
52877
63023
25640
72198
3134
68614
41356
54771
28358
53861
62016
69913
71913
24763
74185
69446
70327
54243
82565
43183
58818
31229
38924
77673
48017
42967
18447
16548
54203
80884
43785
47071
49909
33636
91673
70288
1080
49784
62096
36012
90344
29448
25003
82925
4784
94694
16309
10525
76292
87597
62954
77765
14328
10758
43418
10775
38695
94567
22807
23845
3731
18348
71297
66507
79089
20204
52808
5055
85649
23502
49518
61364
13934
54164
39698
14314
81865
83690
96886
65275
50844
86857
50837
95310
79308
18001
43111
40230
40294
54279
6293
65766
8953
85840
5462
71989
35666
32189
644
42361
97328
13128
66173
68927
29835
49905
56635
39594
71726
63469
83998
75199
74171
37095
15608
68895
94214
84532
74302
94363
39018
16093
40359
77467
47278
25291
41172
64974
93346
42317
59359
41391
70260
7181
30244
32111
54213
78695
68551
42240
93587
9801
46674
65510
49979
4053
74072
96269
83166
90733
50044
1699
22826
76619
39633
22888
64528
10396
70520
33994
29838
32857
97110
46631
92312
11690
76100
57632
70054
16365
12952
29461
13919
42313
13537
52155
95000
65018
96274
76321
91958
67587
55064
96872
24137
85211
66835
52754
30833
16362
73535
96894
5948
23257
31105
924
24926
54141
87644
19425
52897
83847
50846
34706
87075
77509
56612
84275
40924
69910
96086
18979
54415
48511
97613
97756
17819
58734
29248
90143
2324
51649
67397
18180
48806
49405
30634
51642
91285
82886
74142
94962
89663
78638
58924
41123
3106
54074
5180
59457
52568
66174
84687
18111
17750
92612
80790
29299
67255
5992
48290
31107
35323
51557
66052
32338
4443
882
70572
26171
81370
21457
5717
75331
60574
47606
52666
57078
94887
60437
53897
59711
36731
57112
79735
41941
92076
6063
98772
23825
2349
95850
31249
50293
68606
77398
61788
8696
50619
6674
93991
61657
81004
71072
21595
484
48270
97144
20796
89760
77399
24370
60722
26630
98470
64837
16397
277
41593
35115
65484
69096
71407
23914
39349
8686
19437
84543
99166
33299
34375
71901
9124
15408
97565
17267
93057
36056
21005
557
48385
70328
66269
21930
21628
97787
71553
34145
23585
80522
63219
39086
6019
70688
97456
5530
32185
40255
13445
56473
71832
9392
14173
69396
24066
32272
79917
83689
77225
41628
60585
94684
91486
67714
7337
99657
24774
53316
9330
63295
86386
73360
68473
33977
43793
50089
13356
67378
87212
92773
14198
65678
99630
82351
55371
35032
48967
26243
31163
46138
62837
64721
2447
1152
89308
93949
14743
85577
70687
39939
5648
20616
99679
33622
77849
80602
61125
5556
9457
69677
57950
42189
47185
97043
92641
60751
91576
48936
54287
79782
86792
67990
56498
62374
42798
60303
40622
33598
7769
84283
55233
92541
15644
13444
96477
48167
52386
98244
74407
99987
52366
89774
88226
52078
92954
46972
74516
83323
35961
15295
1006
1342
78488
34215
54718
70655
3646
93569
26641
12203
117
96991
86077
84247
62971
40800
92724
18720
66684
90349
43307
89441
41741
50741
91748
62379
69306
20949
23097
27351
19995
24313
24660
13407
74341
50819
16991
63578
27582
21517
16929
69242
64960
31654
93591
93194
68106
23217
86297
30379
26267
70024
6090
48826
54914
24877
46889
11352
82983
23214
2759
74583
74105
89142
64614
88295
2924
98475
47535
5429
80809
71993
71452
2519
47246
15927
4315
98627
10894
48350
95547
88283
97302
43581
26927
93095
16790
16473
90987
97262
59007
30513
7546
61002
67080
37171
54446
93040
72333
78415
93982
906
7137
49295
25778
48330
38708
96720
64520
53231
20650
56749
74747
96123
87850
74251
21296
57319
14714
53853
29929
49802
73782
40784
95335
5680
96140
12308
31412
97101
35487
40521
37425
505
14256
31296
97430
19134
13332
75198
9921
29262
14835
6872
83642
41313
64888
17222
64201
32086
58149
98766
14933
95132
93434
31947
33159
8332
69006
10160
49254
83778
7254
38291
72086
61048
95222
62336
17406
37942
84023
31738
85228
27450
48907
72852
17205
28868
3598
7689
29237
32962
28954
64503
72832
85280
34364
91709
42519
85534
70989
64643
26252
36373
3767
99541
61913
18244
63957
60318
36078
44108
33366
86787
94507
50172
56797
53498
23254
95183
28137
69000
15853
1249
13671
44511
25787
19698
77946
40047
18798
60008
76754
73961
6761
34674
91406
66623
81701
98542
39420
27390
33689
69409
9012
39287
96059
96555
76963
84827
56436
86424
29622
71701
18083
51609
31476
8461
37053
20518
17536
32611
2795
33772
22462
54257
7206
4237
49644
95233
6389
3039
59407
1985
54609
16443
29857
10084
33211
70798
22608
358
97030
47104
16054
57562
70945
76846
72830
2674
95614
76385
24753
45242
40327
25886
90294
41666
26383
54734
9528
1116
10978
75522
49078
123
31273
58883
83752
41314
22904
85885
97920
2999
30179
11519
82357
70798
92624
60388
98929
44001
28123
73271
94340
20759
84627
71627
6240
95885
92219
12926
15786
4222
22903
75455
52841
61001
72583
80284
56868
37246
20906
81598
99238
6550
88232
95877
44923
65664
6458
74395
56166
90397
4362
56273
69006
87753
98053
27640
74686
54650
38608
42973
23113
76397
66011
5108
64510
46281
3184
5719
64133
77955
48578
84601
37812
46584
2219
34983
37293
27586
23800
20494
95743
76402
32477
98693
27134
1287
78619
12255
38597
27713
24892
46070
33712
34974
8426
29865
16602
25774
36393
13180
99455
76201
66837
68290
66077
61208
63807
50927
62105
35331
85271
38049
16605
40332
83470
6939
688
88618
41133
2085
84032
7088
95457
98566
52169
56404
86699
20570
6184
83221
4093
41523
65530
73366
51570
88187
56398
85125
33352
12111
9167
44904
83398
9972
18995
25064
48584
71973
86831
802
51781
20242
28824
67375
91997
77531
24559
32393
9408
62758
41056
89103
28722
97321
12341
5371
11119
53640
26587
6239
77942
60656
68948
80496
89350
62569
51988
63328
12219
55568
23739
87295
75890
64650
91128
37266
52109
74967
87454
34089
9940
18670
46819
19053
75991
90524
78975
72337
59101
86849
50388
1683
76599
55532
60471
38045
13667
47368
46309
73075
35081
44147
74029
55095
66297
95585
33190
18235
1050
30836
59630
62974
35369
22181
13853
61287
27693
19593
81791
73089
88166
20104
38393
35844
90448
45771
7639
94582
57913
38671
95676
80099
44836
17995
27401
49627
24928
11876
9834
7959
87540
11368
49099
60268
18322
46292
21066
58225
53443
35228
57501
59550
15563
50267
72371
89203
15014
90335
12612
89910
40592
37364
86757
49201
83044
91719
64111
69087
10409
98012
84727
87706
15822
18824
23031
50499
1401
44491
2638
55359
58744
10240
24185
5487
74233
23269
89337
7278
37832
37692
64488
67816
82940
72176
58040
37882
81180
21878
12179
87181
17082
63178
32617
85093
69110
40470
2415
17458
19739
91193
12500
93447
61127
77854
77824
2408
57602
17292
85959
93054
36693
37886
28163
20804
30555
85673
9972
44207
62412
64975
57660
58328
11884
47258
89772
35783
99409
85408
49527
3661
46152
47938
56359
37309
80112
76861
12396
88766
42263
7239
52704
12868
10774
83970
49655
86325
5055
92963
67562
57232
60915
6587
37982
53613
47070
64838
93261
14876
89175
22073
51594
35235
93977
24226
69640
83594
67336
76825
76740
44938
92541
57353
90913
25754
21756
10718
10068
6715
32732
28517
2170
36168
59802
38300
84953
24821
97766
5731
6244
71747
86739
31133
46706
60111
30724
57110
31178
70761
81660
11446
87876
77679
96345
87818
45944
85051
51104
17506
15699
10290
34695
82624
53777
91380
62660
94219
6030
76164
39677
64384
60238
35995
85302
22089
74488
69738
33377
71686
70059
27458
6934
16078
33299
28716
59494
54847
23324
4885
47072
44719
18592
53109
22033
6766
18802
78788
20654
84712
20133
2115
91528
97516
97323
65299
54913
41430
75588
26445
88571
61357
57463
86678
80431
38069
81209
43628
57858
45143
82532
62380
76528
74098
62890
9002
2663
28630
21895
48004
51324
35536
97697
83450
59665
341
70839
80901
32554
33655
93179
61105
1144
20718
67870
63309
8671
84722
94585
7872
83031
53188
35446
94005
45413
44525
99738
42041
65739
82733
96205
99369
82247
13588
28718
94357
8534
21035
43383
72889
18833
8057
34198
71653
54069
33859
88069
19358
24194
53755
71617
8583
47710
76750
73121
56970
61886
82183
57166
10565
575
99700
48995
2248
98530
3976
73785
88009
64394
81638
77888
74889
63197
93880
91625
31115
82770
36406
68961
44476
44132
38517
22033
49912
79211
51274
85125
45406
26825
58503
59280
59274
87514
89752
31611
9752
95764
15766
51070
71399
99114
67620
67868
33831
92791
45775
36718
37825
94296
77942
56678
48150
71893
66649
66418
54855
67416
32365
35508
26926
94020
35741
85039
62736
79569
60239
96340
92816
7295
84285
75284
72983
59420
13878
24403
52013
65770
77975
31523
47755
80462
17518
16748
29974
410
75187
82723
59008
98739
30201
36596
55747
34175
51883
67373
94449
82319
6705
26443
74889
43808
57922
97430
76309
4832
70932
19586
29526
27808
97437
27413
7370
548
76195
53780
69945
94548
42563
22818
95431
93435
26226
94433
19418
25948
85605
98224
32807
18289
47284
35285
3340
79358
84188
6994
30040
49857
78402
97422
50879
72274
75359
13088
76044
21374
865
73279
6997
60346
4100
14482
76611
839
39169
97526
72326
17627
76760
70911
72847
81384
41440
60533
66481
80717
39313
86603
9529
79896
38931
44895
14186
68017
88810
17901
94965
14565
73131
73967
4495
42315
90973
35263
63121
80121
36357
56390
86251
60165
97611
33859
15336
14284
63924
27445
48713
4754
14427
98106
92846
67613
21850
46410
99060
48248
94824
76460
57699
35598
72312
12743
76189
1016
5011
36422
86517
30578
69384
12550
45023
50114
77564
73351
74819
21484
48948
2290
73912
77012
40090
62107
16215
69718
81765
86949
71868
40706
92330
37722
34187
80576
19275
9899
52908
65098
35200
50554
74788
64336
74978
25370
64052
98986
98609
56490
98332
48812
64055
95826
58483
98045
12958
99731
62169
20734
60953
94469
63565
90881
26685
81429
168
33019
3845
10809
24426
9127
37133
64598
5577
26131
58452
10229
9940
8278
5217
49671
43855
95357
32543
70455
93679
23005
14968
70610
74999
46851
22624
58572
86886
82518
45812
21949
42203
34792
5655
73125
90106
97486
66046
3234
65274
51523
82849
54703
95965
27769
87301
36322
35544
93082
90942
61636
84794
34730
81402
23293
36563
97310
29212
3369
54854
5724
44127
89882
23291
32396
52804
42000
8805
37951
60989
70975
85561
88619
2270
92855
91583
73234
22194
16111
45599
88281
5363
21223
65816
59714
53575
2703
8755
4357
26343
30874
244
86879
46016
24442
48625
8505
39934
24424
85091
81651
2750
31766
90291
63723
52264
47974
2746
96206
11601
47405
17006
13434
18213
69446
89260
80269
11003
12206
48551
90910
56416
76339
46483
93637
32947
26268
2074
82212
509
72363
91421
84974
74237
58714
59575
31610
52263
60366
13865
65476
70777
91907
10782
94546
78529
34520
90402
58266
16856
83271
19023
76035
11021
205
20678
64254
72881
69213
60765
81444
43986
51949
93246
25972
68680
34973
49870
54792
67326
77423
8975
18070
37208
80639
63708
74566
72538
6100
21973
16248
80237
59556
95793
49501
87261
31100
66946
39608
32627
81447
59591
82800
90359
23518
1053
99114
45424
46942
40178
61481
22207
5082
93249
6740
90700
44108
83858
65114
43314
44845
25263
70017
86524
59776
62069
15170
85518
17699
91796
92403
58208
81102
29116
99533
2442
29081
46591
70908
40453
37150
32997
39177
50606
49676
43983
25718
17156
90011
478
69460
86242
84077
13002
34316
34400
60592
50621
62422
29175
91440
76738
97387
83954
19674
81002
63583
31222
74473
32820
34333
81258
84743
3796
89266
77807
41804
32440
36838
83123
10577
64583
20560
19550
90793
39134
18128
93324
84699
90931
46915
52244
59668
9592
21037
45035
4404
11350
33919
40783
93772
35331
35967
35296
28551
85285
95470
27807
36967
9440
49584
70595
33575
53550
88999
6089
96012
4631
72686
96846
69941
98897
38402
67044
60116
76231
63546
59259
94451
75274
489
78646
38135
52669
31047
91424
35575
66914
33238
49269
54082
85906
82855
13872
21572
49462
83220
62518
55545
34576
7264
37651
80954
4911
80828
37209
46186
29406
19115
75988
32614
42111
20639
29937
36755
41962
42538
57614
35933
83815
38870
89445
74383
30670
14718
4040
42550
68114
85355
27521
82640
6857
28384
51101
57921
94397
41310
55612
78267
41267
12034
91741
87416
53682
16266
6654
75920
72210
15042
30604
3377
6489
1573
47603
44343
82523
62059
85021
85005
79152
19290
27163
81490
376
72414
31501
64761
88167
4815
7691
49321
79657
27940
54457
51789
87166
65118
5996
20229
99150
99475
38809
74667
84689
75567
7163
55693
31173
84283
69133
85337
62554
35570
79642
30655
72083
41794
70794
7078
3361
32359
19304
24474
83646
97415
98855
32403
6087
54020
68315
7474
54068
58972
67931
59516
81636
23911
5313
36995
34877
29189
56778
63086
5136
17127
77663
36739
34933
22290
66777
44314
34879
83958
88362
92123
36471
82749
59982
58077
18088
38267
15251
672
54508
28829
87322
21179
29305
70467
53875
68952
72783
39651
71263
93141
90816
68896
45085
41347
73812
8983
61479
37754
47124
28579
68365
93589
27325
2604
46099
64356
95778
74721
39170
80840
34732
65740
10794
60323
91004
52337
16602
35072
33603
26137
77441
40641
13077
87040
61665
4579
70612
33006
42022
7941
71842
17671
12065
72555
716
58207
21098
21313
89284
17030
49686
28242
21148
14945
63549
10781
33782
27911
5014
50335
76365
83550
46299
14158
63173
26969
64713
63404
95685
97232
88255
54295
53881
73181
82871
15408
28188
73978
38679
84529
80849
38710
62554
96979
95347
62694
45134
90960
92844
69129
51857
26991
31357
92244
84677
18496
52622
34927
87471
89734
13195
30163
45272
34607
90035
10648
30051
22313
55610
78920
84228
66404
84397
90241
6003
11283
82430
80156
24633
61849
1798
65367
31336
70017
37992
98045
62002
10891
39253
18363
84600
27664
99026
90291
37989
37492
63194
93589
57655
20307
48193
74673
80621
20440
94918
47491
28414
18000
73422
78509
15859
45533
83777
50650
95688
55103
65057
60564
51778
8626
63102
10333
25653
72492
60658
56017
80156
8708
7636
10099
62200
56846
33169
77961
20335
83039
72554
99467
90214
83389
12563
69158
40957
6788
38800
10242
57210
45016
40069
11168
99071
91149
21478
41124
6549
87023
18579
3952
51361
14107
58468
51839
21211
19756
56901
12146
7575
97236
69269
18240
36112
75475
70702
51097
61426
54361
97981
57128
56504
74895
24787
78274
26444
15047
13370
73031
81612
72818
71089
16541
99775
2879
55176
32939
29706
59245
58212
51520
55424
97559
4734
7676
74059
90403
16519
73799
5458
96107
3899
21699
78121
55953
45780
18830
25708
65461
9148
11527
75402
42253
65509
36091
28245
9243
33179
16971
58502
40246
88657
57172
79567
12057
43991
2444
98737
49370
65168
44215
56651
62033
62715
44563
70931
50223
68235
93570
35972
39730
34998
46255
35653
72042
57784
61463
33114
37441
61532
9072
774
19642
78241
1684
22703
27313
77123
13028
65888
63042
78252
62671
94315
46359
85989
76281
90319
24066
27728
96978
48080
27560
52781
4240
2657
7499
92222
3519
82086
98179
96709
3077
80217
68121
16202
75712
70416
45307
3083
96957
32226
81571
48253
52565
59376
16705
22136
5177
91634
47446
80793
35331
21642
20795
88218
75566
30206
62709
21735
8587
82175
30003
93887
34186
45308
59762
95946
42617
10238
81680
31547
64795
3178
33109
72810
35422
85335
15561
86320
4392
8924
53305
80082
86233
31097
34997
83519
61323
78841
36563
29124
51929
39066
80211
52387
25671
41271
65682
2932
18740
12339
17286
70608
62867
60015
94105
17650
71748
16899
90807
39360
580
53160
79056
68132
15430
2143
87307
5703
17990
67659
47234
19780
13452
98064
16495
811
80557
48507
61953
60586
38444
20612
76272
2371
20698
9134
77676
59928
87948
44829
71084
37427
43035
9770
5389
42475
80243
82235
70170
99310
98305
61305
80126
84139
89428
7967
75748
23559
76996
71574
41235
57583
39280
59371
54415
4461
68947
81067
96301
37339
98762
89048
59292
83511
54245
87116
69926
38793
42091
34505
67938
84073
33087
75702
66330
48138
2775
50291
358
60804
78239
75193
96265
17296
78057
27947
16671
23866
17983
22104
10165
84272
54512
74042
47658
29236
23772
82200
50601
67662
78477
33106
36130
67987
81464
38002
18017
28001
76297
55424
87707
40798
52542
25467
56060
87674
29875
42134
67788
1084
15004
70712
62879
45129
33941
42937
86537
70578
77627
79851
72329
31101
64218
41948
59338
59391
86761
4484
96760
55005
91773
82882
40699
18288
80937
65674
63961
39402
44430
91124
85375
1181
26825
77966
9380
4595
17828
63450
84586
72005
88056
33829
26329
56725
44405
19612
70953
1207
86666
62395
76994
7408
92209
68460
91963
99242
46323
24226
23072
49808
36978
45965
21845
63549
54005
22814
29351
30408
71309
25514
96012
7309
77269
46858
8853
40693
56548
40890
13365
71294
1719
39085
58086
50526
91638
52620
88476
74181
16527
43928
52786
60867
17950
71070
29679
99619
83300
68847
2273
75436
12726
23459
18065
82505
5824
18130
94300
26457
23281
72830
51253
44385
25395
31173
56737
42907
77485
43554
60433
86641
18119
34815
86494
40176
32865
67753
85922
22420
68047
70258
51137
53192
86557
38858
85371
92512
28182
69849
47799
4563
37562
88726
74805
63596
15916
38301
89987
82173
11961
20512
66170
75181
76340
48077
74558
58703
86585
184
35548
75594
83519
78596
7774
89610
76220
39454
11063
2909
21894
44830
5550
52642
84093
20688
41612
49993
96087
14013
61507
77331
55235
75845
90981
60284
25452
94907
90605
29714
14854
3174
94780
32219
45550
91771
93138
67147
36830
77406
92511
63738
23119
26729
69106
3778
30885
7371
84777
37453
68712
55493
40635
98260
56641
71561
1456
60549
77012
19095
28278
39140
50373
5261
62099
95772
11203
98319
71090
18690
21468
98716
67585
8882
29849
85721
72057
15119
41083
5843
12177
35069
70127
59876
88832
28286
79273
58773
54947
62104
40462
24868
98927
76564
49145
69956
7012
57592
61673
61445
82434
78224
6591
93542
26249
72115
1163
98506
67263
6432
68873
24756
46695
4006
71523
92555
48512
2737
22714
33895
86944
49717
67460
12118
46563
14167
87774
25135
69847
14481
13145
14038
49722
88919
50548
18298
42388
85841
92850
23624
60645
31604
77929
41768
15173
24552
53759
3492
96671
22273
25419
67966
56697
22236
94913
10260
47028
55724
40785
77107
75859
36768
66769
46210
29868
57360
22683
705
33709
64815
65163
60151
56189
91870
94676
37326
44491
37753
82474
20284
54390
99392
39004
76855
73776
97806
17320
13403
61155
89243
52110
15194
12341
9663
57208
81103
39570
54456
50192
58608
66543
3410
83552
36775
28246
48333
10809
62323
20112
18669
37399
86322
65739
61461
55140
10920
65259
81573
92092
20347
21978
28788
29748
9877
17673
63170
59210
77335
88075
43140
29198
85764
28065
38006
28965
69084
22809
76278
38698
39631
92666
34207
21614
91993
49438
15559
79005
70478
42666
19502
74303
30062
30219
13589
70619
21468
87148
93495
60034
96741
47015
20512
91790
82693
53164
49770
42859
85576
87052
52578
5084
99666
51720
97317
90809
81756
6869
43669
14948
39118
83601
59614
88367
79841
87410
50340
97641
38597
25792
12018
78121
57057
91946
32538
75582
78476
18465
7771
47888
81096
70607
26719
1245
22632
8086
3639
71097
11865
59120
1638
91571
83827
22281
44211
14432
31938
58672
12970
73153
78104
56837
27288
16163
24498
34431
81339
5423
54983
82743
59746
39168
66285
1296
15819
93025
30909
94858
79140
12329
81281
47215
27435
57950
48093
55220
17311
3914
78065
58106
25683
64277
81113
49674
51896
73758
49911
63156
21860
83536
77250
49067
60627
26695
30660
85072
21508
69069
67347
79866
60616
92716
63161
51287
10857
47449
44196
76418
61354
43242
47807
82885
18176
15912
55162
68189
54008
31930
67842
28229
59075
61710
96696
96259
82387
93442
97971
60500
34641
68109
65399
26491
26384
19707
33246
66911
3461
75200
9142
76435
24317
78689
69243
35659
53126
23219
5544
64026
93923
679
80130
18631
93579
35338
49380
12314
36277
80758
63377
88754
60666
55840
46567
19291
2393
64208
45521
42961
32974
48292
62608
58339
3695
71078
26819
34286
64693
82315
65067
43649
81321
1674
16010
21515
95466
34183
68975
98875
20438
95658
68855
69167
50992
79011
5278
45339
6078
63214
50858
74955
76247
67399
42759
13786
62114
95531
99418
75963
36072
98230
65752
3283
94680
74090
34786
48207
82651
61072
94882
93737
22061
28950
39965
5531
80986
83519
86580
6434
16447
1146
24004
34159
72643
30118
57476
70591
285
61871
54978
45987
73830
20575
43347
67291
87168
60812
4423
47052
9876
90774
59952
3959
91188
97632
81437
93624
54257
79355
9182
55570
85935
18753
78919
84912
91185
8021
11816
65786
57330
57617
59947
15792
20046
95475
8742
83424
36226
88600
21114
66793
83712
484
96508
93069
14764
17038
83391
46470
17184
83727
83899
44583
8161
70375
64550
6478
92621
71798
81071
55752
89300
55017
33111
54120
44901
69919
9930
91294
36417
97140
26481
75199
52538
10603
39420
59892
51188
33215
4003
44768
65858
17555
20421
27507
72615
28500
39952
52944
87168
16560
9040
36169
44601
27683
19646
97363
30862
29460
84044
22307
79293
53271
65904
17691
62979
85083
21247
63769
39833
77353
3035
38662
13664
24954
74779
82137
63881
1200
33977
54577
1904
72713
11390
89925
81787
48391
4013
24661
53132
21690
21458
66395
58675
27947
65046
43315
25362
16126
99895
549
43798
96101
60644
35010
73924
88943
4482
97226
58213
3124
22378
78449
92686
62260
73338
40715
43899
8625
81362
16630
79577
82976
5099
46686
34606
42175
64762
92232
32010
27711
64270
85166
47246
89586
53358
12219
11494
59491
28196
26170
64840
26803
39607
68032
21058
55718
98410
53830
26169
75957
45797
47974
57581
66088
512
5731
17011
39386
55462
80517
42250
33189
9517
10140
28458
17176
82969
66584
91076
62817
47830
26792
7446
96757
43812
35554
2446
53991
23935
28729
90440
63897
84452
21964
1142
53620
30289
84580
28974
32210
10168
95571
64442
97681
14323
52675
63794
93700
16511
41915
32225
71113
2568
49409
55333
12113
85773
48301
95443
48564
34744
63164
4060
67369
57158
35460
34649
88292
72497
20940
15039
15975
81684
15640
19975
40636
83561
57357
54617
68431
20123
94913
46227
48643
68660
64017
86484
95202
21140
36563
15796
12807
48812
16745
39375
26928
5304
61501
92037
20147
27965
17110
58873
14797
94385
31411
85336
99288
28343
70298
80489
17519
6727
50003
56286
40130
15279
16641
71679
27514
627
35843
39862
80355
44052
37811
9994
28301
1676
3594
14823
69038
2941
55401
15159
39423
94715
14965
11366
77945
22948
44516
75966
57017
70118
10133
54094
398
91678
12172
873
71537
90914
96087
42386
4178
31056
7671
80003
22622
26477
95915
27936
2058
53632
45633
72918
82751
88132
76308
31671
77445
12305
93191
64048
13613
55695
49228
90783
93806
12754
4724
90664
72040
94243
53422
31693
1270
64924
45312
67774
68630
65287
22169
57014
45862
21596
49671
95750
7949
36123
88530
64198
13580
85716
45288
39281
91997
61333
33741
7802
22641
72059
15951
11490
94746
62537
29624
1192
51679
69257
14743
39014
1506
10294
66558
86068
46721
3573
51161
56399
24854
31535
34983
7835
62491
57850
58362
57440
28704
44872
27977
74233
71931
96185
99640
27751
64987
19856
39673
5943
34547
97788
49920
64857
71768
41837
27592
3110
28243
17374
74240
55234
9735
43568
55552
95938
82149
57189
37121
88035
61623
9381
19053
19450
30566
41637
25283
66741
2395
90360
10211
39759
26366
87060
47072
30654
88671
91285
14070
48084
19670
10308
14457
17675
57572
94241
22996
40609
96604
46818
84366
30118
10371
47794
29360
5301
39115
97340
56833
30838
23301
81048
77681
965
9205
66097
21488
29902
6559
39880
35651
86866
13607
78733
50015
9780
37392
78875
98054
68126
42482
46413
44048
38661
23949
14912
29016
58535
61717
8701
45427
29236
60187
87960
61044
49144
99381
46371
25766
6722
67562
30526
72142
5726
36375
37330
13461
80883
10671
75414
66179
93286
6462
45238
70814
85797
15089
62451
82104
86280
89366
61880
14266
98226
4383
98520
49454
69146
86622
27715
49580
39228
63963
42412
87233
81482
34770
37021
9266
36795
80747
23520
40036
43501
21160
61363
15786
91007
6384
37398
85556
24135
94827
83668
58618
43801
78517
60453
79543
46585
59485
69747
83325
73358
45062
45084
31161
27542
33240
1356
72812
67278
62159
8656
94351
28314
54280
78878
25236
74353
13056
25487
67450
54413
33149
72390
13722
27322
61716
12469
36299
62640
95136
93711
76862
75996
71922
32612
46955
18743
90986
23314
36212
59892
24451
39107
79642
56734
73585
48117
31511
28373
7508
90074
89357
58092
97581
93820
42161
63963
92472
20139
47089
46864
55260
68316
86958
25372
83606
80025
47997
66404
33499
34368
55988
67952
94100
51994
41758
36276
28989
1225
50438
43229
44577
86047
14939
28143
73548
5582
2339
51876
86493
69767
26055
4662
32812
70344
74634
90971
19398
92085
93790
19465
10812
65623
29465
16017
66335
37649
86775
1817
87163
543
66010
40410
56841
65954
22991
17673
38442
60076
96251
54694
45998
50822
24121
65688
15268
81023
88211
645
1111
36125
53133
93068
25924
90325
86689
13745
99652
13394
60981
3521
53872
57166
50734
64545
18472
30843
98091
58537
55595
91610
22238
2813
3973
6792
98914
303
28592
76868
14960
94303
15300
32380
9259
84122
36890
27781
36064
50413
79879
89721
99828
24173
2316
97214
77768
48892
55015
33309
69693
10789
3662
3950
63970
23286
51448
1996
19686
79681
73935
26436
34485
38694
54048
47534
33349
38820
46674
84950
88060
54070
87269
62305
73855
94144
59831
14571
77462
21662
29720
61173
99024
48466
50368
13394
95035
29699
73098
99793
66342
50220
69310
77503
1580
10004
98028
80307
19627
60648
51471
85334
6196
75426
44276
16916
39403
14491
40374
95844
58249
19115
67636
46667
69568
42684
17134
57427
23094
52180
49836
95300
10036
83951
64249
35711
90980
68582
76590
89041
14638
64475
25697
92938
15855
40517
70095
87046
36685
54013
54111
11368
16329
75000
75185
57061
22290
34949
76101
6847
2509
43125
14965
97596
59150
71350
7202
6918
94412
64930
40551
52688
46713
73324
72192
19562
87417
75002
63085
3711
2317
34523
1039
38589
31007
6207
2621
65827
93111
53408
25889
47058
15071
25483
22712
90438
41802
63478
45510
49440
523
78739
59625
83531
19190
97385
87950
14426
31377
82612
1059
78357
43574
24416
7101
56770
11557
57650
33188
26865
90429
64485
92777
94190
9465
92056
10503
67494
16049
87996
92953
57767
77114
91279
41713
61890
92251
89028
42004
39566
38300
41464
86641
10565
50116
68974
25735
28049
70729
75437