33379
17423
6138
51265
55852
38471
87742
74232
89531
27107
44021
66570
15450
67802
80097
1946
36955
28387
70703
13235
90340
18649
94687
16289
56869
32828
26145
68945
81491
95240
67940
937
35683
97971
83852
72029
1407
99341
5302
52853
13041
95502
83316
35446
86541
40262
67973
43801
72474
67227
69632
24845
51910
29610
62043
88759
36933
4165
72116
96666
31566
21906
46848
93692
97722
25239
85009
12126
33434
31370
6093
41538
99330
26187
80498
42791
13844
20769
21834
55741
68031
88884
12593
77991
39341
50435
97224
33920
34087
1761
8442
94557
69886
84360
47295
50210
61148
66773
19212
47677
66020
13092
37927
63281
62024
65252
10973
64300
37681
71137
67738
77713
865
27273
61298
34446
56033
99826
59716
11946
5848
81647
94087
50168
7154
88119
67152
22343
95028
44854
56886
81532
50153
9258
44047
52611
48016
13320
60595
55026
14689
6630
34915
68844
21675
77973
52884
98342
68504
36114
35948
32564
71887
92874
56369
33914
60949
52034
72346
43567
86643
64615
39725
35656
33700
91597
48014
24378
32354
68337
76903
12484
51097
22366
88145
22659
60699
7017
6365
72452
21106
50686
32457
32585
95687
25077
91093
42962
59228
47504
79190
77798
53408
14044
50353
71536
35945
38752
52447
31992
95378
10757
2685
160
15794
51625
12652
3061
17497
32483
38321
32739
23336
27456
43363
56549
17386
64062
93052
75713
93041
10150
50862
81556
42695
29038
48782
61142
69736
8471
61900
83464
83651
3464
61993
91537
63564
28865
5774
82319
64382
802
90072
89748
26249
50323
25189
97142
69768
24370
50874
98656
9771
40343
47665
85842
62218
65620
72294
71474
70083
65185
77378
29927
26066
3401
42884
47274
87159
30564
63178
76772
20790
45414
23577
59606
94852
93675
53258
52470
21208
87934
62183
45266
64997
62994
8591
26300
35360
41311
67284
16496
21284
78253
33372
34791
27892
80267
32070
69286
27992
76494
757
29395
74810
83680
80674
31238
1366
19014
22379
29155
51711
23552
64036
13504
83120
79276
85290
3151
95797
70177
17001
93760
30764
42781
3510
10401
69171
84644
39879
13027
69716
37107
69135
36099
79610
51322
16523
43918
77801
85277
22060
76158
50354
87603
85798
57973
56704
65009
2010
43331
18655
48107
62096
6465
41890
67275
16342
16447
65456
71101
25233
28318
83677
95696
46897
20446
26812
30823
54042
82272
98436
51652
29132
39998
67238
35958
87135
45589
91132
98648
52405
39605
78800
76856
36081
73587
59955
82859
36718
41624
60748
90177
43104
10952
12329
2085
67588
58878
36633
67823
76340
89459
47675
88521
2533
3690
15186
91948
68899
25417
56055
40153
22645
18414
36185
92048
31266
4256
21257
36251
67508
21060
93671
58195
33330
31984
3676
10832
28993
70144
87930
68060
14910
39390
57800
50723
10544
22917
6
97654
5855
12372
51218
33560
46692
16641
50203
15308
98988
29569
121
7197
73004
89566
40787
78227
81136
1185
46178
90899
21784
74508
68362
52538
73516
47828
29889
93999
69256
63107
1568
88400
9557
88878
22031
68418
99339
16451
66181
99630
30975
88859
7590
83823
76620
36581
83874
6280
92473
49384
19363
66627
19991
27151
33968
67013
41788
22165
41385
34692
96297
18543
65711
30066
17913
96555
13761
75240
1950
33341
81138
74075
43094
14498
75356
72083
31489
40373
69444
90037
49828
72750
8363
83613
28688
88525
50895
14025
89956
78353
54302
81543
48360
305
21963
28720
28167
46670
63112
16094
31412
90766
78409
90476
26202
62981
52048
57047
79173
15430
63969
80522
65488
94374
47898
2058
22527
76237
62631
63613
98929
51601
18550
37387
76591
98461
77932
40005
24009
21602
96207
7684
26974
72683
23737
7247
28501
11779
32706
52028
80832
70932
24138
37674
17636
53559
16355
33288
38612
96750
44399
79798
42271
60178
90391
47483
48151
8872
96931
57607
11212
21653
30390
12896
64111
6077
21056
16563
66587
79581
26196
35950
18179
27695
4273
9026
77076
74192
69099
54978
13174
15998
28272
63592
18796
91833
53901
57269
11106
12010
58776
84649
37811
40536
96877
76350
32344
66413
67303
97853
1726
8811
44486
92296
48120
76961
54124
90052
60634
83212
67346
85512
46129
39968
6802
30892
5751
59679
26228
18072
10698
74332
9103
86341
86930
41238
21373
52108
75773
34048
4842
14620
94900
12206
45991
9606
98733
68614
17099
99222
2915
71094
83796
60604
20588
84689
14020
38980
757
60946
89982
31761
76174
22250
18795
86296
35429
7217
22078
80926
14801
38387
30875
89744
86795
98542
31421
76056
29871
2496
14705
67553
29625
39551
66709
82709
17008
57534
26168
75370
15838
49212
50645
23626
84755
33727
53901
30756
36855
90554
2241
60895
91481
89082
81404
28564
7555
30884
5018
96136
55615
42744
64643
67412
87510
75162
12632
38608
93760
41571
57125
53272
66546
47376
61886
34146
30176
71152
42938
5336
59885
37799
82207
2853
10062
94376
97044
35970
3028
58067
79100
19449
61237
17806
5758
68355
93662
26166
42703
33386
4590
57598
90111
51748
36810
87470
18249
32992
84872
21180
32352
72352
28578
12658
80994
421
18294
4794
76853
12293
93572
6974
51615
13035
32478
68343
95462
31146
23159
68260
17500
96244
36292
91618
55422
64252
52888
96494
41435
28803
76175
21624
52466
4271
43995
55631
11398
50500
49207
75017
96355
8648
11631
48716
16828
35759
96812
2898
42680
99346
46165
8040
75363
39472
11867
15806
44032
59033
21581
7799
65396
60939
97343
21457
17611
64764
87941
89623
77401
34052
99573
25179
27113
84041
42450
61461
65655
8859
52964
59011
54977
79317
61416
95356
41382
34730
81150
22998
10106
16468
56672
5292
35237
39987
82952
64839
54710
48909
87510
70452
86934
2625
95191
76760
86894
41075
84309
69954
17435
93494
71926
68094
56925
86512
70139
69522
48355
51819
56450
53700
71407
15242
46997
84571
26181
18928
61790
23828
65932
97145
54052
45673
19657
3309
17285
89584
38949
94729
75630
63936
97038
43127
3831
45151
23802
64853
52579
36232
82412
42450
18035
19184
6548
81729
7847
32274
36982
18512
53562
270
84814
22160
75146
15684
62054
99440
55914
25082
76535
24883
23788
39345
72716
95903
72146
26663
35662
36315
21413
87173
84646
87410
74107
63540
44388
92735
18765
62146
12970
70958
48465
74632
51425
80171
97260
47015
1516
51801
32216
99881
35503
59883
26064
6888
34450
81902
32202
81863
97273
45818
62738
50694
58092
35844
81426
47871
79179
14062
93045
98634
9081
42954
40248
3528
69465
45983
61641
18432
54369
5771
19118
95708
74763
35769
1849
95523
43144
63117
57121
49389
12432
96193
2811
21986
32855
56382
741
21578
34513
10301
90903
63335
58653
48552
22817
18402
14451
87666
44331
78985
18044
22592
50144
71379
90718
21452
86950
31264
54474
96319
46281
78923
32866
45681
58923
53820
10664
39968
82933
47025
90138
55479
54206
42619
64461
41682
16904
96144
54079
3138
59541
23800
49377
13434
66509
96718
8649
59407
84443
34308
43291
31444
13389
20208
7523
88702
68201
70998
62275
42686
63420
20970
47410
19547
52027
94867
71500
86583
40004
81590
6932
77426
59263
28786
47416
3368
39037
26407
60426
63723
54928
51137
5450
97198
18963
98129
86789
70970
13224
9489
17835
65523
51640
48753
32327
38033
3753
19541
32845
62332
32254
45229
14173
57220
92794
8386
32344
32260
94554
90088
72846
65599
47894
62686
50393
29910
71210
71976
23919
82315
76301
36422
87675
16740
25948
16313
68655
83034
615
66852
60539
11137
95788
57133
2431
54871
76290
10636
90855
10379
10481
6916
41432
40303
2076
23366
32565
71155
52588
20341
21750
76965
28563
92201
26376
77502
51019
67247
55375
2647
77358
46223
19902
72145
44972
83697
84024
4489
29345
17480
58376
28691
57969
10820
29692
60204
97336
57224
98832
48253
72621
32669
9655
30312
89310
98721
84417
68092
21012
16004
68860
59339
93225
22951
10374
70351
13175
49474
13075
56798
53087
17286
39820
88743
90652
2361
12120
49641
7665
26918
69501
22985
36666
67815
56409
74646
98727
86627
17940
44059
30412
65269
9335
99101
36100
26951
99464
11927
51250
56169
42990
63437
40214
30056
59035
21904
53509
16335
26691
65613
51200
92004
53262
21879
9998
5289
11441
74477
28637
22216
28533
13945
68239
57538
33830
22085
48300
54674
20813
86436
59580
15066
88029
58576
55249
85944
54772
35040
37915
963
53281
41366
56737
95918
73363
9623
44959
5450
91967
31236
88405
17878
28293
66857
11204
4611
85928
89050
73166
98013
1494
65389
42629
69914
91406
83231
80519
71807
22208
14824
30945
24424
6597
36296
31173
26534
10551
3085
10903
20784
54879
92917
29927
30825
54207
35618
67666
38838
20687
11070
95216
51530
17259
85144
23958
56693
43275
78418
34552
82934
24624
49952
31220
94502
75506
98481
76757
68260
44382
95703
73146
89697
81073
32596
79445
1577
24059
9292
10325
63133
13521
68249
97587
98205
86184
68571
43678
62017
54348
36056
41483
88667
84911
73680
67642
2747
23869
87795
49191
41265
38899
61198
122
18467
69958
42775
88169
45237
31223
35592
61489
3892
99648
62088
96836
74364
70497
22731
57249
51811
52897
19861
72863
15447
52814
84851
34238
58435
7458
93661
93131
38100
80796
12280
10680
43566
64118
84852
63103
16553
17632
57187
66787
25541
44378
9686
64743
36422
94405
19525
26613
67757
67531
83300
22907
5296
37497
21217
91963
43031
19804
10582
40886
27581
44589
32745
9889
2302
19530
15219
79156
55529
38759
80033
12218
47271
24372
98336
9230
35614
52836
63252
48311
83496
23234
92882
28124
61641
46884
43954
1958
33504
29797
53298
96853
56241
94528
3709
29178
52079
3024
28285
56176
57054
94349
96029
2210
82211
46911
75512
68404
48165
21791
79656
44721
24949
26633
82263
89692
10587
41368
87791
58122
40969
81110
91242
4786
73809
79561
27994
10103
96301
45901
76295
51786
94545
78909
33609
29736
80220
31982
33688
5638
23073
4645
54840
9459
59352
23613
13082
88437
39503
28824
5454
85318
18544
28059
75891
24303
80445
889
52140
31787
97869
27215
57533
92710
84758
39822
14029
88592
24270
58757
17628
20248
89586
56949
78359
17868
84448
77532
53892
99048
59716
50229
75666
63630
1707
12603
85383
94648
75725
92521
8040
66023
50220
80221
87731
98209
36755
16216
12784
10069
23285
8317
91475
39174
942
2142
70284
49225
57249
21526
21241
56064
85603
84856
83148
48866
48626
31710
52361
62185
54570
39604
26986
99667
21986
40263
19046
15122
97084
76182
89837
86007
51234
43324
42760
7637
49691
87690
56459
64569
68489
92928
25540
69005
3937
48564
139
66661
49567
3429
46025
90400
78207
78196
74843
54996
54086
21963
68841
82814
61308
63442
12649
80915
97935
31749
55636
3489
39681
87135
60539
94926
15601
16747
22981
40093
87420
52699
92253
62903
87713
85021
54799
14909
61653
5599
57570
28803
39983
19429
42022
70692
55424
95827
29521
7012
39225
38682
77601
94782
78817
49408
28123
29479
29473
31763
69104
38591
39163
19186
70536
88649
51186
59202
36506
54514
77474
51520
11639
56220
76192
68008
93472
11517
2122
2423
95403
1289
76427
82288
49751
6315
2519
72536
45392
8608
41729
21349
98774
91648
47324
284
38485
88000
91659
62774
90193
13284
30701
93429
29512
42301
58536
69714
90028
79821
41159
53867
81836
59011
79032
14775
61841
46381
30331
8241
67123
50358
31918
66324
74664
2844
93055
40285
66976
29896
43106
27332
36058
69024
42589
74021
97561
60372
59375
25693
79633
27092
54100
33405
85162
53055
70407
89498
88740
8164
53088
80855
63170
99545
16392
52424
9607
87920
42090
1734
48777
10123
17016
5363
60774
19674
1806
94925
75112
79821
73155
19931
67418
93145
37953
8657
62808
6099
906
37978
45635
61993
37054
65543
9235
93747
76035
62928
69554
46502
66982
41390
20893
79138
51770
56231
61221
76133
63662
77484
8653
87465
43025
59254
92642
44964
20446
79404
62888
3409
10334
69894
89406
65159
81739
69371
58410
82807
90713
6066
83904
75721
98462
56316
55877
83064
10017
7792
10888
47829
9607
76198
37555
65909
15402
30416
57400
95610
39888
20273
3324
4075
23272
88284
39903
93028
53418
83360
44741
18212
98021
65169
89806
26373
51294
54859
9194
37319
1578
15047
55377
30077
31328
85067
21283
65560
8141
33701
17469
72239
11048
51722
34990
26293
24829
25504
22790
43443
96767
86831
76913
19013
48357
92719
80334
96023
43198
12629
93994
2676
9398
7230
6394
2046
15233
99244
57716
54935
31960
40784
68714
29297
15635
40240
25311
7808
49969
99623
73891
49025
2790
63532
49441
69754
67740
58783
22619
97817
97810
61252
26542
17749
17616
5922
62549
99378
60484
48994
64621
1970
92886
40010
43959
52380
93588
16169
97287
86446
37695
5076
2050
14292
72872
59820
88547
37231
92520
30065
71754
81697
651
81428
21221
95467
16286
90359
64522
87014
80126
42521
50005
65703
84971
66148
42526
13725
83885
13145
59373
50454
36256
53928
52056
35975
151
27401
16157
67703
67227
11403
16320
39491
59711
9490
23057
33813
60608
29152
71851
84867
37068
68134
53593
13203
36531
28360
28967
76204
1391
66366
54168
68227
88807
28613
77912
94858
82635
75116
72022
28893
8732
31215
83495
60132
63812
62435
19688
26715
71526
59884
52307
4027
65680
69252
11842
39460
20214
56328
75122
45693
69927
45651
19923
91687
33062
12923
94701
14669
96903
75677
73165
80548
32693
8260
92931
17996
69447
14095
79439
23249
32463
60314
41508
10193
52044
49859
6758
42245
12353
93171
96717
30244
77799
49159
75252
22731
22392
95579
76891
30532
7232
82259
25484
80011
70483
65570
56819
71006
51691
34360
98648
73029
12487
62807
16636
22102
2398
44101
3681
87361
38897
20576
58382
11365
77074
62737
65942
36833
84315
41980
57434
65818
24806
96716
32576
16672
50803
94983
29082
32134
54479
69839
37017
12051
71549
34472
28213
45365
11432
38720
64642
31693
8807
60593
22998
25555
47163
12596
73177
96852
64138
97530
33642
29309
94500
46326
11298
64941
77650
32990
39796
64764
49896
76845
97472
76546
76679
31275
11958
86439
63228
95638
19826
44199
89953
32738
5931
81058
24500
24367
78547
99239
92417
82090
48528
41111
69388
76569
46187
78383
50228
67885
13998
45178
9089
576
11484
92343
98655
13673
13460
81202
29796
88747
27599
43274
58399
94502
31208
61872
28811
3612
42535
32179
89015
18298
50748
54618
30595
82114
96212
64353
26127
84736
80484
61275
8004
57221
20797
72727
87698
44729
37123
50698
47885
4705
35911
49325
14209
17484
98431
94311
46614
24068
99707
19468
82587
90048
71690
48862
83194
16325
38037
32519
21646
20326
87924
43204
65154
82673
91080
99883
90722
66076
50472
8620
42109
19756
58036
16352
66720
89709
29142
19948
18834
60933
38080
86069
47930
41538
12195
89717
72727
44068
85546
82161
46802
37508
75159
11202
5081
87774
85192
49631
68693
72775
67720
70503
50740
2808
33150
66300
10696
63063
95599
70255
54548
41620
7649
41623
49097
73685
86819
29220
83256
90803
81131
77089
5595
61182
95941
40227
76916
55222
83233
20723
14407
67044
24670
53092
54421
90981
19647
2685
1597
71206
96654
60961
68070
79468
26476
47702
86271
16523
66682
41188
74627
1026
13272
87285
54631
52406
62831
10911
87631
23086
93511
38913
35118
42687
70766
95616
73243
95101
4359
34789
4907
69230
62829
47985
18106
20709
89769
43517
78102
67747
7930
43032
11419
16753
95671
83089
27350
18162
61965
48359
60830
7665
57499
66244
1423
1803
13154
75611
3646
7608
78279
9471
28288
19221
24710
91831
9086
11494
6781
97630
27782
88321
3460
41195
92673
36012
57874
76981
83958
53031
12732
45246
45507
99947
54353
94270
65304
4619
93189
41825
8104
1872
16083
10679
11316
21462
577
32777
61803
17567
68939
99633
54098
3521
36620
93602
6130
7291
97354
26037
20983
65105
29945
2501
43356
69325
56510
37137
16867
41043
46285
42048
69774
65872
53518
15679
11831
46620
97530
95461
76815
2841
45704
70496
89193
25891
87781
57417
93865
21665
33081
17786
66005
62432
20685
59413
69037
90101
53005
83404
15268
67243
33023
96593
4522
50017
69151
99611
80076
91311
35836
87134
1366
50851
60106
97258
41183
6489
90097
73080
57694
40405
23942
55048
64833
77971
21594
78483
64063
99320
77514
21658
80827
64366
90292
53113
33032
96487
71571
76510
36262
13489
38752
49488
55845
8009
50017
84988
92303
27067
76005
29293
10800
4214
28619
23877
12420
80492
93261
9361
74117
85324
37721
11593
13775
74065
67013
57650
47268
95878
48722
5639
37261
55370
75770
74586
52525
91580
42431
21585
60034
83659
5931
73095
38803
28089
29165
70531
43025
53292
86395
61490
1583
7563
56099
62374
19640
86203
15707
54852
66145
51452
92856
77805
59738
24673
74175
6475
59866
43930
46630
90038
40696
88197
41097
31495
65025
42416
10130
28308
21834
30153
15531
6847
91611
709
26969
54673
70957
33350
82759
65582
30317
41037
71912
10857
68790
5048
52986
24885
63639
23524
74288
53063
78030
16082
47677
19858
21522
63056
85638
56523
84113
96097
21611
52100
14616
66300
26538
72232
17513
52474
74601
89822
16885
24993
74000
49903
16630
98158
21425
43719
70451
21142
9447
35816
96665
81671
20020
32228
27036
9038
47325
58754
99293
55206
52073
13498
64523
74082
83651
42767
10556
43463
48868
81218
46558
96724
12040
8369
76308
55707
41389
73248
3395
6901
52185
10347
82478
37554
1050
64153
42467
58934
37683
92041
76613
51935
73231
21224
94576
68519
70195
50412
90273
23354
6101
76224
59598
74126
22201
9596
24410
34194
3151
69489
72325
1568
44296
82608
94725
11001
53928
53869
9902
21208
67342
16077
79791
15367
30958
84672
38
84674
66657
40771
27214
23358
1096
45054
7097
25821
15855
9802
45524
92217
76198
39384
10660
81029
30411
34496
78924
79313
83276
40655
85975
83499
44823
36161
11352
42788
45367
36784
47503
2274
52540
66476
32612
21309
19028
77849
41437
81813
4007
8106
51461
50778
92036
94421
53925
30677
94292
53319
14416
80135
95207
5554
45402
92891
88014
51829
53209
59966
32170
551
8315
92604
46213
85760
57865
66597
10084
69825
36145
29549
45190
37512
81169
35823
18645
78598
44898
80377
31110
64932
30689
79456
80633
30100
74261
28984
75356
27198
90217
37576
47081
47215
59358
81566
88042
45846
25159
77442
77814
67082
38097
92415
13691
71610
39173
30930
25771
62855
99506
66227
53188
43370
25903
92675
77762
91173
72135
58025
76163
54691
91555
98525
64301
45665
99697
23358
81071
66799
70371
13679
18772
45065
46487
5115
77053
70963
13305
77519
50005
67436
3805
34781
42133
34247
39115
59136
66357
52463
44793
79889
64430
92336
8495
90562
64307
75359
29461
32938
486
87845
50461
18504
74458
15242
33218
33077
71511
42185
22223
53852
21681
72444
59671
28162
393
57258
19078
49700
61203
96541
8863
12242
28020
68229
57049
31560
42450
74910
92189
50411
96208
28332
47194
54883
15184
73224
80938
86385
39524
34735
82143
8809
97837
56477
85970
8013
49080
32639
93837
59196
93257
79610
97092
68699
9026
52181
63258
2122
78871
76520
95808
15321
42522
13594
79656
92389
42804
65372
79011
7906
33765
7125
34670
51151
35643
91939
63826
91766
60377
12435
7765
54782
82076
50771
70400
71482
52782
36879
72940
33021
55649
85241
33073
55699
81589
54039
74380
48531
11453
87250
72429
28867
10206
51917
31380
79821
30169
18505
84108
54957
72620
48038
56317
20878
60828
27077
76293
57294
37799
92802
88116
34944
8833
55641
83522
12879
14849
83512
56502
34580
10531
99180
35702
57156
57221
48621
66304
84505
50564
58689
54836
35494
76677
6287
37858
80480
53888
88716
24140
21329
87664
56099
6709
93829
58917
31511
77973
13996
56501
94603
57566
5759
92915
94952
78882
41048
78051
58233
23614
85375
48922
93998
98438
2609
67033
8785
33851
59663
12990
41488
68363
3900
13223
85775
33533
24717
87778
21308
54542
72267
34105
37177
73242
65376
16800
18616
43627
55881
67391
10192
85837
55192
4193
81582
38568
5269
21845
40616
4111
20825
6775
75671
79589
41266
99047
39892
32198
93218
43706
40474
50130
96775
26189
4383
7247
69271
60769
25743
96788
45748
54751
55482
62481
20102
92212
64236
39057
60528
12286
86469
99078
84777
1174
53115
66807
79725
78802
30189
17089
64933
58694
63651
51936
87399
60150
29501
49672
23343
8752
73154
7033
94941
3829
11321
37793
17382
35494
68511
90127
86605
71186
10432
60083
52838
49142
29307
74674
14351
20442
3378
90916
80664
83726
99807
66661
40517
73048
18640
25571
47050
15201
50009
36462
55549
98996
57310
21138
71029
55147
84684
29880
7421
18837
20322
52270
94978
10372
77874
34808
3236
46462
36061
3680
65992
33762
20869
91340
41812
55142
94711
77362
98230
71109
31900
51788
53234
66010
12051
80393
62635
84202
37776
86508
45737
90073
26567
61240
6494
95896
46090
20049
71443
81541
45858
21090
70396
17016
41607
99258
36235
96152
34069
87878
7526
22473
61277
5304
8102
50259
5959
50357
98929
14826
92004
98552
6327
46607
64398
70962
86594
35664
40464
86739
5899
46564
33612
74133
52239
85742
66720
27097
25119
59053
4979
58746
77629
3985
78930
90991
57923
66255
37103
32329
91754
30993
96881
36283
82540
12236
14621
22535
70275
49752
96962
29287
80549
95828
14337
16458
23485
49086
41367
64719
3915
76984
76732
18371
18178
22630
8453
52058
7807
98085
74110
67207
42348
6954
71792
17539
28967
23048
28549
6286
45006
65490
61056
26982
55697
44593
45005
92543
86591
87911
58545
39477
25080
1170
36633
91640
53341
9710
91568
3808
29166
6568
62148
43509
7389
54980
47001
64674
80960
92691
3420
81131
75031
93790
79055
26021
85725
80414
7392
70251
4070
58830
55803
51329
50428
37241
15799
32087
31437
1583
93045
73370
65956
69764
85734
41770
56461
91074
77215
66888
25670
88182
55165
8720
51433
92813
69039
69958
91898
41022
87158
53475
36296
52272
62729
94595
42563
52501
23715
10477
26075
93324
38299
28118
27549
86193
94954
3865
29655
27280
18977
7465
66072
76070
75137
89126
22690
90332
53483
96271
15363
76072
76557
93110
80249
12082
61437
17846
74694
32629
38861
34267
11040
97899
13395
47237
69612
1711
88810
39275
9059
48296
24086
97
9056
21764
27043
74262
72140
38409
81380
58787
37832
38202
23030
77041
6366
71282
51777
68612
29113
16229
84265
65973
68783
33431
41995
92875
96798
49961
43430
88888
86281
40271
29071
97694
17796
68168
91089
81543
73458
44650
24076
86418
95607
79446
596
72995
74283
3683
43438
82743
64338
90127
65934
74134
17733
12906
60639
22717
11247
52691
89810
64371
15201
55904
41573
41616
78995
32096
2552
32132
12784
23430
3832
37464
3547
74794
75320
42508
88703
63089
78137
8452
82714
81491
95633
71768
44154
3486
38252
97829
72108
41211
52112
14990
83200
59741
88440
52500
4337
61008
18450
67916
65012
37995
56629
18773
89968
86799
40093
42443
66996
52528
80236
83703
92476
27724
14203
52867
88672
88346
78396
73772
76639
55946
96636
81499
26113
24571
58688
8967
53034
18886
37504
73516
40682
69422
66853
46617
99014
58470
69617
25235
6208
49143
92674
83880
32872
32926
53048
38865
85741
40715
34652
82971
78347
33332
92903
90690
68343
80857
82460
73168
27175
35134
34320
33214
5299
94820
42991
64935
70546
7606
49549
37312
34791
62889
37966
63426
16052
9849
49981
8473
51257
92394
12997
15275
68948
6560
60963
83210
13281
40129
25946
16990
95544
71798
3931
78658
99887
36157
44983
57126
39963
69504
97241
66527
29383
12159
42087
9593
63715
11380
67843
97663
71515
49006
99592
30294
8264
25635
83597
57950
32016
78391
39982
23014
65845
74699
30250
25060
42001
68466
42628
57790
93277
25867
23673
40448
39705
10458
65266
94469
71183
21825
15840
90029
98856
16174
8658
56539
64665
5769
28454
3329
95825
98805
38007
77086
79069
30148
10763
95083
46831
64282
36177
62292
31155
56089
29214
14633
64695
19128
82252
64664
73695
39001
28471
46304
72867
33402
68380
41705
63772
74844
82311
59024
70124
20776
44296
18620
40866
19766
66067
87514
70683
48868
78352
10895
17943
8033
55517
51951
80380
5769
21224
74599
68997
11484
95287
61270
9221
93781
35902
67057
65334
46969
15525
61765
3505
71123
8486
56639
45193
31382
77623
47188
56943
2065
83263
52733
74632
57038
66121
73908
99683
44011
70532
91704
73975
47236
46047
20279
5353
42295
90867
40029
86065
41133
25232
12869
92628
82738
85629
30241
24570
13075
89929
1619
36822
58220
18648
97888
58460
3637
77573
98928
54700
55666
58938
94674
97268
13045
89308
74204
71910
59950
83402
61535
35892
10327
75472
86471
48468
29534
69705
77320
68220
75876
84169
34075
63888
86583
61319
3492
22112
23536
81905
59935
59656
73510
44913
2429
78977
76135
60757
86340
8872
25130
50798
45216
99230
69713
75586
52456
19159
66650
53396
90771
66157
81813
21242
63455
51160
96779
53394
72550
45034
35442
93149
70035
68152
18448
35477
55137
4479
45600
45514
24053
37080
73785
55944
9380
95233
58371
30557
23713
76251
85524
33354
84923
8617
67531
35187
8648
27608
15972
24225
89103
62872
49467
35862
86148
36738
44762
97502
76327
57528
69099
71431
32234
92177
80148
31969
94228
79551
44085
33697
90156
72996
11858
91474
68185
83545
51226
72834
1100
15836
18478
51117
74472
65543
66695
88916
87982
21211
83527
22851
78860
96534
62981
55749
16456
14245
82461
23745
81407
86421
97812
55610
10814
99462
3279
10041
9069
76104
65265
3477
63915
8793
95330
79820
75556
15204
20487
30918
31334
13027
48978
46540
23453
49768
71245
86078
51089
77093
40093
30264
39216
57709
61349
14432
78475
54536
28996
9915
44196
99376
31088
37571
67688
59592
13388
25112
58007
4021
62681
14448
37436
52958
51502
42240
53890
28959
32633
17484
77499
95176
51608
81441
63826
77482
17162
58984
26631
76384
191
35321
31663
84522
36256
20612
96784
90683
41979
39256
2829
13355
33534
26606
13419
63001
6258
41796
58371
8509
50972
34461
94209
28705
91745
88807
12460
30803
56546
81842
92046
56391
46636
61574
8343
66460
29966
30512
8879
7793
97139
61044
50480
55975
94661
57035
71583
89536
36242
34740
90786
59467
81398
30535
43745
44629
31411
88347
2879
85240
82251
14240
95841
78482
20223
12941
4901
44879
90659
93317
51800
91353
35958
53980
52298
73875
17468
66897
13844
25070
85085
77600
41884
26470
86386
75164
3508
38108
1619
97342
16479
6131
72579
33117
64333
97126
53009
84323
85424
88106
51271
99009
24607
20174
83874
18241
8576
18805
69614
87886
72991
18449
85727
84444
50827
73735
55593
68937
61182
3451
77637
88776
27475
62330
13979
97575
36826
56857
41011
29856
6726
69013
6847
75330
4414
61693
61061
81250
34022
42155
34511
70348
89018
29386
13001
16971
68343
56779
50126
57314
98096
66180
71484
22596
24667
27398
57300
88806
86882
61815
29672
18873
80324
17661
77582
43080
77169
22657
88012
97642
24133
30812
67199
87885
70662
89301
75692
38150
90760
11208
72678
34542
98586
52784
73413
37956
2913
5430
86626
71846
62403
16899
66816
50266
28554
8755
55555
15209
875
45187
52723
24005
29285
28465
19507
30792
72251
60255
28939
6434
29397
9636
75896
24576
12061
29284
82796
21304
71498
80352
43626
54398
97518
28574
46500
85269
66273
77833
49185
12724
87275
19270
48134
92457
22779
96984
88242
25584
4238
13923
44232
88377
64701
64703
91164
46796
99266
9164
437
71036
30249
93282
56346
90155
60332
45255
76039
40185
48536
78744
53517
97678
49646
25676
4221
7139
93050
31197
83470
77401
85730
32444
93722
89548
9818
8712
40304
43684
92045
7574
3491
52745
53152
22747
23585
45
66980
69989
59782
16535
44703
23002
8578
46429
54987
99835
43490
36508
23691
33252
59839
29968
85583
7968
21700
93177
7351
76120
65818
68674
61874
7498
25341
36319
25100
82282
30882
96963
23166
53535
32403
22763
17014
32877
32647
80048
77145
5153
36152
88431
1211
54748
67951
71003
51349
31104
91400
50397
10480
8483
19371
55229
21912
27884
47027
1317
26978
32591
51795
34095
97913
96449
90695
547
80387
76993
80779
5812
2524
20000
29988
42127
4363
93414
51871
62303
61323
82425
49829
3459
83812
93210
48906
86177
44276
69434
13683
84019
64826
91231
62141
31669
69136
53848
80453
30063
21877
77366
74326
49930
79238
47779
62089
41177
90436
93045
90103
42571
42584
90887
19665
10452
1940
82038
18688
70906
61919
88176
74546
20540
23079
21746
21990
19811
15173
25081
19758
43149
44522
75423
99163
44383
93531
79281
9725
12131
66870
92691
57088
32723
61699
62339
88696
59115
28464
65415
86626
70687
87980
24076
65677
46638
73773
55132
16958
69628
31494
42690
50188
31787
13533
53908
36742
14712
86774
22175
25834
25699
80255
55013
97029
44103
85475
99433
17699
65684
72332
73803
67989
19537
12522
78284
22849
31368
17957
19371
53789
23005
28340
55377
50317
54471
81376
61458
19932
56723
91820
51033
96581
91708
79910
12712
36437
84618
1274
75941
48764
59157
79359
90286
31602
20920
63281
44233
42913
54213
21339
975
66624
2579
47914
75314
71623
95387
93559
98525
68439
1253
46249
82213
589
68961
5339
95950
346
31971
18773
17342
75169
42434
32206
70205
95898
54235
13581
76531
11089
8159
31679
15904
27500
36352
52315
67621
29690
92714
73505
40553
86839
52185
33505
61158
2921
86689
14755
18986
38677
65345
71262
68920
76892
77590
36084
96847
41874
48414
99791
26768
46864
1595
61939
36453
12548
97205
70132
71848
27318
56600
30715
49618
32266
98098
13077
54004
24706
70680
76721
75417
2465
54619
67803
70915
78349
6803
60368
78146
87545
48847
22628
58353
1242
59954
18146
3354
36381
26428
74938
87563
25840
82792
6975
80634
48764
35612
11022
39434
67212
72938
76623
32062
81013
68257
62839
33430
10167
24028
36511
44846
46603
67613
87827
24576
62277
67390
54012
87929
54863
56759
78106
91193
24202
81761
74905
26478
9341
58021
87647
45672
40535
69494
52563
31885
46787
87968
51945
58583
48008
81236
39778
58770
80626
2009
77788
18074
76151
98629
62700
76202
76387
10103
79204
35598
6516
4159
28908
68475
63323
6697
42643
85623
49830
7160
27487
68857
7374
30741
82336
46797
25303
85459
38415
70045
38133
45679
83644
62404
43826
5870
85305
14126
16429
50425
4287
3513
53877
38381
92042
54723
49263
10842
71865
89310
41556
13166
75336
44895
39019
52335
59425
25751
4243
42349
73833
43275
92655
4112
25870
31355
62810
91739
55079
28980
60544
34111
48547
46241
62415
14379
67351
27329
59805
77522
62598
98224
26755
10154
96638
98024
85995
98589
98638
6511
31574
2793
48853
43942
66549
98721
30627
2014
11622
55376
48586
35047
27964
5539
37406
99249
15228
10429
34949
93673
3765
72898
98560
70649
99181
91147
92090
10160
61551
67197
29771
39744
176
65025
56946
4765
68301
88854
47540
1716
18984
24394
51953
22608
71457
47472
10530
48394
28959
47316
25013
63483
87367
40705
4316
44535
33682
73443
87394
8090
82654
16703
88057
73633
50744
73863
95308
99789
70994
23922
73390
49409
24041
48424
97336
25539
9116
28848
73603
75587
452
48424
58461
66444
93788
72093
14655
29950
70306
19669
50285
12765
83668
25755
6520
65353
43894
59989
45243
12654
77765
19429
99828
58678
56910
6613
1144
82354
75498
88581
81504
91207
70548
71099
52822
31486
72753
82565
57393
17936
75069
63308
20389
45642
34015
89761
14135
58238
58533
50028
75402
11697
70436
74921
96595
19785
71814
69375
17376
27048
2835
60278
16925
2437
45131
29922
95272
86623
88335
97672
5443
10828
4150
56772
1327
70864
89670
83312
90934
24279
61975
48197
24771
55976
53217
49529
45640
15615
70686
9433
98914
39181
41255
62863
46055
95003
84364
19076
73006
51823
80189
61716
60422
23791
89938
78898
4599
42873
64807
8706
68812
44400
18104
75608
63830
39401
99106
38013
49841
30472
61515
1099
39646
29394
12970
58174
63675
67578
97827
13666
96004
65715
66943
78531
91383
76621
21516
99878
41733
69124
91865
61312
21493
79802
25253
37094
35431
92496
37824
63800
75230
95967
36863
16030
90016
62854
65768
77845
47421
77604
95886
88696
73201
92578
40663
22327
40107
94851
95577
58069
23684
10145
42584
89390
27777
3459
1245
37245
52521
76435
41835
42495
20069
91227
81745
6510
23658
22190
54875
82569
56745
45187
7568
4100
17269
36203
89568
51449
40275
1819
96393
52335
25816
39993
38434
55110
87954
96368
24591
71138
10999
85114
41148
1664
86500
57992
45428
11918
98515
29310
31595
65284
9810
99546
53726
82905
94079
66137
71216
66070
55709
20350
6165
55687
5630
92413
41685
66044
23741
72362
67820
91151
71938
81476
61002
29905
71227
29586
3764
61188
19199
35572
6450
44814
80498
98367
74021
30308
63964
66576
24493
53915
19710
36125
40828
34236
3583
75898
96239
32035
81781
80682
21443
42772
34488
78288
92813
99253
7437
41387
77978
60204
83363
94720
18519
86731
29815
16560
5469
58685
42942
17468
42870
73099
14854
22990
72258
91087
19810
692
23301
84638
8091
46313
8595
91569
4308
8666
88249
46165
11569
43787
14404
28268
29089
31462
86462
16991
29530
14064
73636
60181
55289
16463
10545
92293
16501
78598
94253
66932
95199
77671
10826
40410
38061
20070
85840
44971
36986
67902
21835
84362
44778
18166
91408
53927
87891
17205
82898
35889
80240
35575
18932
42061
77013
12268
54531
37804
84161
63431
72509
17520
56079
33851
3520
97068
12317
84144
68075
52868
29578
6233
68939
87180
67662
64202
96244
49853
81972
65112
68027
73032
44776
53015
64449
9615
74468
74612
30788
21558
36967
17154
85020
86298
15353
97993
59723
4468
81095
12025
2460
47362
38568
2314
45877
31976
62027
3538
24724
30835
10798
10684
34693
11616
76533
6835
82986
62997
51573
83821
41074
67648
54603
21795
96363
50277
20839
85699
7903
8971
30430
23661
201
17437
91155
77963
82694
90729
63854
4264
63767
76700
60578
83658
85131
26605
57008
7628
30721
55741
63900
26744
78011
8632
99729
1541
65627
66013
20286
34221
8322
67100
46969
26613
77325
27906
34625
20776
65308
908
71196
51360
6561
64171
77865
21701
52623
98005
2898
20109
90079
87902
45172
43602
6495
73575
67157
39396
34312
19864
87207
34762
92710
12870
19199
40545
98042
84242
24763
40471
83511
46268
52182
54443
110
87882
97837
48327
20932
39774
6534
40731
74076
79126
63546
47125
11836
49190
64316
92445
54155
49498
80648
68967
97919
55216
16533
41592
14474
43557
33524
77019
51589
1416
10213
78167
53016
96124
96835
87233
15554
16632
36197
49213
57116
86388
36293
84095
73369
73286
24078
69779
10703
10778
81570
17342
54026
40632
17514
35213
72727
72056
38966
39953
50540
61130
67082
76203
57220
76569
38187
52005
49874
27859
35968
24809
1016
22787
98861
70369
97166
9559
63998
5551
24518
9770
13953
74481
42072
55940
11642
48110
5796
56035
3639
7984
10385
77466
50359
9151
11747
82494
86137
39453
15569
73974
2882
88823
79873
80123
85979
77038
52225
15540
47923
36980
11221
52932
18055
80416
83032
83247
39290
13618
27204
18005
43635
41734
16153
24202
89960
40826
99656
24929
23029
50193
75690
64674
52089
65987
95074
21990
18438
28278
27667
92357
27172
93923
46760
9015
46113
30593
94199
73978
14137
42244
58557
89520
98860
93177
60243
90700
93088
28534
40466
42654
50758
91862
62219
41526
43011
58695
18059
43725
79459
10528
87488
85260
90083
83485
73412
48728
39101
10270
21637
92648
54878
37035
74225
71975
21007
40138
44994
20011
10638
88470
87350
18728
5779
54789
9732
26065
33748
48077
79521
19897
64420
60047
13953
8738
66998
78986
47317
14123
20713
59389
73452
3423
28707
79248
20032
67562
36166
34083
41498
67334
63642
47603
1873
61030
86285
28218
57353
85230
931
64941
56655
80513
35927
60511
77447
24891
89944
51264
91242
11471
10808
84037
64268
74224
5520
4547
2927
48210
84609
10290
94544
23455
63545
79118
93056
23586
66134
31027
43516
93735
95943
58782
16837
62298
37332
58580
17001
89247
92700
32387
42838
75370
6087
13804
52229
58617
30888
88008
49426
81058
19635
14563
13877
87437
35854
98839
63541
61335
24533
19139
81454
6305
28340
17800
89753
17966
76993
91628
25835
84173
79418
802
33148
6154
87618
8612
31274
99333
57953
98853
3466
53442
94627
15300
24615
75796
80821
33014
71380
76732
53362
14266
35569
40690
88560
15273
74891
38236
2776
24381
60559
24105
9283
81872
73167
78284
54834
67487
17690
79620
53702
8954
60275
19865
52616
10393
62876
99378
93355
60646
79477
50907
74903
24419
67554
61911
36941
80385
83073
88164
86106
68819
22069
24581
28802
84694
87744
94528
77203
54412
46212
81781
46682
35499
83145
56578
31765
78388
38041
67439
41968
57192
5213
54950
50225
14023
58048
36500
53756
93570
37589
27677
18130
73620
26138
52347
2035
65682
48488
58148
88349
13967
204
51000
69336
90459
45031
69696
26851
83698
90357
25281
33320
69373
61270
24167
22856
37981
36151
31139
88022
42899
67592
39827
34611
10005
21699
81331
51454
51824
17361
97570
93257
98312
4913
22050
27082
48677
6762
38655
18726
29374
80155
15565
31087
70731
26672
74196
64873
29443
4804
54932
20664
60747
52097
85672
37961
32289
71231
22512
18190
65212
69213
45033
35978
28583
87249
20677
8124
10563
47605
25990
13969
38253
75557
82577
99050
43117
74260
40601
2454
58997
69123
64995
2128
6842
23643
79114
81746
73179
8924
98174
93815
25588
38820
23817
78723
14522
30023
67150
57440
38767
94160
57833
18445
45141
97353
10961
83921
58713
16077
70269
5983
67049
60544
23836
69371
6264
72052
91751
13667
56965
16933
42031
51455
23227
51721
25987
42243
27039
454
47387
13757
36399
28531
95681
98926
67301
63333
74468
24335
92506
90235
35414
50919
82500
37815
5141
67758
12591
56885
56683
31835
98439
36151
27335
87555
18247
49416
93609
94448
83030
13041
56134
41248
24711
19136
46529
72896
57839
11977
50841
18302
47009
52121
93032
8890
8536
18952
66326
19824
52144
79628
1345
65661
93472
62455
95432
59428
54725
30623
74780
41936
87506
54294
3374
27566
94414
84579
99470
27740
29091
31648
68238
1586
47908
16315
75627
10337
15552
50371
33635
70219
61909
46274
65183
1062
74637
10935
59886
71737
60244
59713
29220
42227
43103
63665
12639
88978
30624
40425
41655
56425
42764
60162
82807
62864
20982
6400
59586
2343
42626
24768
42917
51585
45335
19860
80108
74897
92077
58663
71911
38687
43899
31582
18390
83154
84996
78663
79813
78736
87997
38391
98252
17579
66699
69270
70093
1502
66419
66517
70339
88193
51682
22578
27636
90297
99877
96428
27090
98250
60864
13709
17103
80553
34918
5889
64436
44217
78660
17662
95599
11903
16140
78727
48180
47516
49900
80774
2143
61145
24417
85240
21412
48476
90108
4022
91419
65248
82921
68822
66842
29053
74813
72202
56559
13999
26637
22981
33003
78964
45507
66082
74023
95020
76502
3883
69704
19591
75652
7634
42667
83614
94685
17179
6143
59876
93071
92003
9349
71525
26133
34154
95375
70604
34139
73484
3757
10563
73710
32745
91909
77049
18647
29208
83439
8525
31545
45928
71954
70177
50303
95983
90260
92200
53989
64470
19521
64212
81304
78137
17030
7960
29246
52541
30981
37494
17135
20720
32518
88225
99213
32129
23201
91069
50879
29433
63264
3920
75944
48149
14594
11603
5390
84615
32844
39355
25699
62694
48043
78724
73711
56048
33317
31786
14270
55018
99685
16759
60131
57009
82769
33038
62936
29184
83916
89530
67779
76936
55492
60952
72971
86833
88719
40744
53819
9455
40773
5940
70346
34782
80162
48904
23324
65291
47044
64183
88652
26292
7325
16250
14694
55124
34128
60028
76233
48483
70120
32768
73590
5275
16560
75704
59988
89524
44660
89525
25280
1006
83041
42078
55310
17064
35240
80755
19852
82163
31430
64593
98852
63811
2736
8821
86206
4843
97679
82226
92324
91443
28054
818
58776
39706
34468
20276
98663
37353
90612
9454
14354
67528
81241
66291
67355
357
90985
5112
84281
16051
21943
96605
80734
22401
70553
78478
19485
84709
62684
66101
67882
93452
73415
52042
53389
27556
67672
96868
95010
19611
24865
4190
66914
18320
55129
14910
7762
98197
76684
96959
98005
99522
22399
2681
26631
69237
96801
56419
22655
60917
71729
73301
17172
21740
82654
26393
74088
70328
9447
52069
48071
64009
35290
79158
89868
93655
43948
63677
94838
14006
63859
25328
37827
39432
31648
60974
71725
36634
63146
19667
97910
88416
35052
64576
66650
43141
30792
14057
5181
47286
86076
54708
68515
83123
17748
47448
22347
47322
46967
11258
75905
22212
13567
50607
95870
392
21451
28868
75857
50971
85695
98225
21095
70201
19597
76325
76116
82203
7745
90213
76051
45755
32917
57114
12978
77513
74078
6417
65292
54838
78529
88266
63431
51735
59436
73319
10939
16092
88067
85347
85614
5885
12289
68603
47973
94799
90501
35292
1091
39053
12220
86866
47353
95153
19634
52887
19431
10097
77464
65580
9926
2810
88606
30243
72864
84774
55005
12205
48373
11810
82392
80350
86082
9884
18747
6160
20699
93118
16098
84799
7628
645
69609
5955
63416
11668
46963
66590
25590
69006
96940
57601
52531
41450
85147
92888
87112
74713
53514
54758
88391
40905
79673
87114
41092
38836
29915
27039
83419
87343
85830
8547
15023
18932
31056
87273
29660
80736
74841
68705
16825
8851
58938
35371
17011
58200
81982
4890
66766
45706
635
92222
19835
74931
35139
86238
55732
77202
88307
84982
16175
88531
76468
69827
50533
60795
77249
67066
7517
78782
38541
22712
846
78548
15041
15325
8522
41123
20023
70734
34292
99616
32270
5889
80842
92291
73178
57873
52095
11174
90098
14986
63925
65202
43004
90570
70495
36230
94256
15987
83379
68167
38204
15431
2872
30002
70062
54537
45854
30229
88816
52882
98653
56611
87692
50796
52206
9954
30029
94747
7885
61907
62918
92533
19520
11056
79038
49644
86416
67793
37559
1615
6186
6263
88560
67551
16428
13195
92356
13208
62175
43299
51202
65845
88242
13114
13395
45836
55037
10258
93196
90571
53218
77557
78146
64547
57604
9163
29063
9450
53246
55302
59289
88371
30839
11134
70287
89108
66310
97938
7744
76705
17478
29286
26402
29109
39361
80569
45215
76643
3381
87338
45968
36514
84782
55234
81754
40252
10697
70491
45288
83243
26637
17683
32902
43563
41354
51848
5439
99635
68083
7519
5872
36723
99521
74567
57290
46036
73617
45922
32454
3303
33150
43327
44849
47578
99257
98305
94547
5533
95381
31903
64344
98617
5448
50126
78422
34749
91949
57070
86682
15227
72518
71626
20102
88194
19733
70689
78213
37856
61313
16320
17766
91729
24748
93498
30040
79726
18800
3729
26762
75017
85467
79879
42986
21059
14189
75014
74021
56210
73606
48463
96621
90730
62066
97895
82310
57062
78519
58444
97224
79714
23424
11463
88306
32573
88689
32466
11818
25761
24463
34167
23334
38384
74922
3951
99429
99217
98503
2172
21095
97228
32904
59925
61479
62643
21103
30089
85388
50924
40763
58175
4273
1627
75762
7286
56005
61730
60727
67726
18674
46818
43036
63787
15772
29364
93080
18811
89281
12463
32105
90486
85406
879
37029
88472
34838
2131
86434
5671
29604
49166
68538
1691
70411
77107
15002
65246
74064
55525
8219
48130
8640
33698
28003
30334
32123
45428
83055
76667
31626
62723
21294
72167
96889
66683
18883
91104
84498
88285
39369
77966
58521
70949
4494
90926
51189
16442
53353
62402
57100
92644
19573
83589
34910
7483
9767
68198
79339
55358
92879
78931
80035
53015
75327
56204
67343
76948
23334
76383
78821
59495
96495
44758
56546
36017
98459
31160
44925
3303
30107
24734
86805
95889
18576
41846
73750
5179
3344
42466
94870
42080
68488
10038
19319
3785
60833
60557
19528
65827
24733
29622
55999
65215
53935
70593
33370
72101
37420
15308
31555
37814
93936
35390
57652
20565
83172
26900
15806
52957
76503
60631
78407
62971
33787
12272
99417
77264
98785
97957
58611
74150
74060
67892
18845
18632
46611
55236
91717
8753
42338
15848
64566
43593
15672
52590
45916
1875
67973
83376
26388
70089
34918
61963
96058
52305
74518
57962
51949
69471
54523
29171
61683
37884
33328
80001
61933
59514
47611
85366
67067
39063
15274
60553
98547
77044
92829
43242
41178
35567
12485
5204
26406
1301
30777
69069
7321
21032
43154
75656
54446
82371
97882
61837
91989
79197
79797
44106
82322
30533
59237
82833
35308
19047
54585
70605
40424
13087
15327
12431
63013
63854
9358
16190
67528
74772
24591
69624
28209
18833
24598
35605
65961
4867
65602
36068
77720
88356
7738
17473
12024
3129
46976
52736
54454
22349
43708
39149
49691
68599
81148
33260
75520
99698
32440
20534
97214
10077
4984
77382
98545
41499
76060
65399
34038
42155
40898
86581
45353
78386
5879
42324
58109
14894
28312
35037
30392
2239
78243
14462
9792
57171
61784
35938
3697
68211
18648
41086
71412
38928
43187
47858
8184
31865
61938
68733
76761
88143
63536
73234
18785
55580
44233
47364
8089
71476
61014
61449
45499
51388
31695
94188
61524
13188
50324
89871
7508
98774
61593
37900
55276
32848
42235
60876
98314
16519
48485
77996
41217
93146
96437
66362
64628
69963
7651
88407
38277
43852
73429
25363
15862
15893
62923
73791
13432
60294
32810
10768
61585
16313
66776
76694
50313
93693
37348
92343
26400
30396
49958
71851
33936
84423
30309
27797
51030
94781
97210
65489
72137
81331
45031
47630
9923
13364
14579
80541
86231
53014
57965
18435
69119
41905
87839
43500
11228
58029
65544
33886
68619
38283
91882
9805
73641
25143
99782
67866
25077
33178
17391
47379
68242
80072
85984
53326
84578
34178
5754
83525
14627
17612
3868
22962
76218
18229
3486
40366
34644
97110
31753
79559
80317
13743
62297
27565
81467
65516
66620
19295
23839
61051
54616
73703
8577
62171
82312
17582
84452
5131
43078
66896
63629
93276
98988
37047
46537
75466
7003
85618
684
25453
13590
57616
52217
76397
2371
92040
26858
6202
11370
84707
96244
42821
45336
40387
85524
79875
14429
51731
22466
20950
48648
49681
83949
39599
83941
7229
63124
73080
77166
80182
89309
78661
83625
25813
74818
37753
34049
88849
95326
92852
47856
45112
55357
40355
56494
13
85631
9221
95051
97643
9271
17116
13176
18962
10134
54085
78310
35246
36137
21114
28339
68870
40435
91909
86914
26225
41103
69183
14730
64321
3667
84368
6404
13114
75502
43043
15085
48330
74026
58358
43795
31777
15507
44076
91638
16150
19284
15320
29732
36394
21038
75892
28130
89017
54342
67663
869
83491
48371
88786
68005
72930
860
75788
27414
98465
32417
96891
36868
87414
83577
59780
81085
49971
92832
55478
91916
39777
4437
33063
6581
24577
78685
27093
83274
55225
21139
79009
13615
68586
78998
18381
96226
92053
40490
2541
24857
8871
44514
76757
14831
13660
18693
5234
64552
24503
54797
44560
83605
78055
57653
63772
59913
13583
3923
76685
16667
78579
37222
64898
39806
1837
29654
48303
98270
23675
79273
8174
82934
88322
14041
20612
24120
82239
67764
20762
2088
93097
57972
47494
67456
28720
24057
37834
38518
2872
72212
17306
46076
79322
75281
33366
85958
61852
46381
53066
18006
22381
28153
10679
2736
78889
42964
84561
57169
42599
6550
7168
88508
27590
70693
11937
31072
36546
38863
4938
97068
21612
61259
20502
83971
91238
8261
12725
57433
76328
65641
25482
10509
63921
74222
66737
58233
10766
80183
79822
50427
43639
96832
20152
66771
2326
74330
65446
88604
458
78432
14565
71663
47590
60092
3356
40611
55915
88343
32230
99119
9308
60782
37112
27634
10611
67501
79451
99626
82667
82531
81631
30345
78080
1262
12823
80655
57526
58341
18293
58218
43235
5727
14219
45112
50894
98871
35070
56851
62920
58737
51377
92146
75818
31123
77539
67283
11582
10679
51266
50007
35556
67012
88392
25457
99366
394
42892
47438
48691
58327
38824
70925
2929
46903
70020
30684
7090
76498
80011
94455
54800
32352
41859
65979
28215
81667
14945
44403
9686
74620
56528
51912
91368
5448
38182
25205
21911
24454
96472
93162
61064
22524
10311
31608
12054
55633
41035
9094
724
1642
90502
6238
57679
77761
4580
99876
90267
73563
41166
63059
11475
83231
10747
92494
15506
7612
16353
63781
44813
88660
60573
46853
16568
93806
95368
45356
16117
99966
33354
71715
37884
42521
2205
28571
83505
25496
58085
14723
92589
63855
58673
79495
6727
26300
28387
81698
77174
47083
14093
79027
25243
43035
47888
18510
79629
55363
63196
20818
89064
5172
90878
6305
29144
87917
52951
81133
64265
86154
43849
76717
1610
79224
31636
18051
6862
66826
19166
83925
93995
46568
8597
26102
51936
19528
13596
95106
46196
51785
36141
39008
78938
62144
56551
32468
38338
13940
70042
95868
7668
62104
72505
67376
35249
27200
31347
81883
38396
79380
71443
43096
99572
11695
89445
45792
56603
68657
24213
7051
82580
92533
18402
46602
20760
99461
49870
61855
67871
99270
91409
28100
84164
85421
63785
94788
185
8155
73442
14942
46097
26478
39532
17503
88854
61751
50725
2829
43657
73235
63338
69867
73282
90433
5447
59987
65505
88306
69026
33356
1436
62908
45815
14822
49526
92631
73911
59323
96486
29247
98003
21104
65067
81625
3862
43904
63894
96311
26728
57234
36062
29680
93403
1615
44705
68000
93110
11811
1351
25829
38194
94292
53984
75031
97420
75114
81543
84644
21046
44035
29546
69490
75185
6081
18848
34217
38770
28491
72067
64408
43779
30415
65725
99386
51581
32641
8216
70317
91377
14756
67907
96647
55013
74156
93104
10938
57527
82699
11838
74436
8695
59855
70229
18841
93083
64929
41170
19010
73618
91286
25659
36959
17039
89978
10689
8716
8821
50971
93577
19051
87706
65498
81447
53807
50878
2177
90995
14585
68570
58287
50407
99196
34523
53625
49145
14715
83983
95521
29206
47520
71806
86052
4346
88481
7588
48204
46640
1805
61634
42998
45479
63154
58391
55680
7901
27881
18456
26737
73863
24622
86818
81539
60524
30965
28779
76028
23068
73031
8430
61592
18733
83415
10
82470
32858
75076
33171
3521
4832
39910
88873
4339
42317
21181
14847
25839
50210
94341
95716
20946
77157
22490
82701
76638
42341
68471
4710
44468
75932
34552
4559
49451
51097
67825
35985
41149
8386
54899
95142
28360
50752
71185
48665
8486
27123
8015
39357
31427
92210
72490
83958
8245
63591
21329
795
52505
95179
44068
60461
83377
70722
49255
78306
20947
8232
75922
74685
36277
53020
1690
4370
3817
78936
67318
77821
22668
40515
29633
5663
78585
81306
27550
82484
38900
83112
13164
60947
30762
57933
19687
72970
36246
97163
87899
76056
44052
3939
42236
88803
8224
86780
65329
29208
70685
27535
29912
29694
21838
71696
24647
27529
20796
29585
62974
52191
73265
24451
32815
25336
91579
40426
81510
46731
69478
35669
60422
16022
27494
59717
73148
87729
50943
68502
19111
20234
43529
21244
4519
63329
20640
69997
67200
61819
27662
27770
42094
6552
41907
42412
68886
96208
62624
16237
19130
14093
86297
46056
604
22601
55654
62194
83088
43210
52887
75067
20861
35576
29485
63256
42065
22997
72270
37265
14152
93277
76707
81809
59382
92620
79889
12838
31847
93818
45017
57512
28481
97583
26486
76571
20515
53363
93862
22217
81817
96333
87526
21996
3204
38440
35422
81619
53648
93726
32003
71618
9055
37867
63842
53556
93869
98961
29376
4777
32716
67318
98360
49928
42635
97113
70594
47240
51857
60931
93373
15956
38935
9086
96884
94344
61824
70599
55027
77349
33063
52410
30302
64765
38833
14644
56573
90561
12838
37792
64641
69576
93528
21507
97393
15050
66987
6053
21318
10875
99594
82436
12609
84306
88799
57754
63232
29439
75835
90119
86480
62438
76249
15779
66886
31390
33136
75789
58305
65709
11790
2545
16802
79478
61982
47584
70982
37088
86462
99153
29057
62110
44991
68648
82768
95626
61772
94908
14472
9983
88462
97345
56555
17990
61225
4669
11415
24451
28542
97194
92519
67923
90558
98285
14866
9768
12869
85846
87658
73722
92507
44705
20993
66397
64059
41225
8981
45719
87701
99431
72957
6325
57947
6244
17546
18158
25749
99781
73643
1187
66523
81468
40544
2822
31990
87033
12719
26655
14677
42258
24005
37385
55743
71299
20864
73916
28732
91354
6359
59920
90727
58065
14315
48438
88865
45688
45774
63530
50380
11882
61187
94426
36195
71374
55524
24455
78979
17870
47733
74168
41865
22150
42887
19112
26405
90523
73927
24190
89432
46711
49928
56552
12945
36212
92730
97548
81986
31823
90646
23952
30216
14263
9526
39135
49313
97647
24739
1210
11583
84342
56973
75637
77953
46366
10896
1307
99660
75443
33420
23452
34829
27155
33092
30764
54125
14298
81417
56713
71561
34366
40698
23947
80130
90538
17631
13699
42550
44047
44398
84123
79846
92645
49352
56058
55085
75787
77097
25736
13825
96413
54360
893
75431
50859
73930
59403
56698
90602
40970
27494
3347
59196
5118
72750
6789
25455
35860
64846
51068
79511
31200
22164
59963
19841
22120
68479
62896
18076
8120
4902
67763
82668
61944
77655
21156
59146
23993
79462
64067
45580
76348
85420
43166
6653
41764
22762
93307
64684
8564
7168
33402
55455
25533
3685
28723
93899
80700
72567
98538
21860
39029
83723
50053
2605
20821
9139
29905
57413
84984
58746
36897
1104
58400
54695
58929
58181
56845
2330
75255
26116
19943
56700
30552
9813
30746
94417
37002
94344
95873
71500
82502
14748
6941
45276
71673
37688
86101
3812
37252
89433
62970
7794
16317
73211
11007
677
61741
91879
73465
8082
83497
14918
535
3084
72513
50321
63455
97049
76703
75265
74832
21588
26889
4752
95345
89810
97708
70949
70645
1244
80243
28212
19836
19721
22183
52694
50141
21363
44975
85781
68525
41688
96067
10028
48036
57942
82791
60569
36025
34653
97468
43813
77834
22648
12715
21748
92176
5614
28727
77414
86051
47041
94080
31189
7048
17274
16661
62753
94947
36254
13774
63357
68438
32448
93308
225
61448
98195
35693
86750
86037
78467
61149
35017
78708
34544
10543
45772
39330
5834
92206
36148
38636
92260
6174
23713
18606
11115
97032
22839
77741
30805
7746
67771
640
5802
72583
17299
14681
92036
33439
77308
68166
99244
28105
76122
4193
41811
23445
95309
39654
11431
77043
92328
39836
25747
17917
7038
55650
77979
12698
50895
37145
37215
16378
41226
97971
23827
80073
57380
10509
64034
94603
7093
88262
43352
68817
45924
10540
47023
28768
92673
23185
63768
38179
24475
94491
96825
1000
71922
11565
54954
98803
7015
1902
23656
93264
26616
45380
25029
71584
73671
68367
27843
74444
4236
54146
7118
29773
48657
9722
13191
7134
78256
98639
62693
80837
87106
24228
6018
82776
84948
56825
8742
48508
69949
97063
90705
7427
73701
37742
42594
24368
71737
69958
77423
24540
86911
43450
49040
21403
94439
14538
50291
45830
17583
53309
88403
7134
11391
31326
87788
61336
33015
17909
12400
73918
58044
33708
23981
37555
68898
48932
45314
13034
33644
31578
49935
74199
15969
98348
46858
28689
488
66028
66187
96883
96363
87290
42891
28237
37760
53777
14148
50867
47413
31511
91725
29758
14395
58274
34805
77758
79766
9913
85883
50158
46123
75992
40552
96123
46707
15298
3354
86703
30627
93790
8181
19228
90258
16749
39730
2561
94614
12537
13595
75349
35163
68554
14228
27052
89100
91555
26155
56129
18711
84630
21642
55112
18144
54235
11699
14560
54011
99760
87247
9327
8839
30712
43740
39099
83631
1372
81240
79051
69331
84255
72
48893
75104
92180
57534
57603
27961
99717
65240
50498
34343
54853
90977
66934
6951
47095
608
496
68555
39811
6578
22890
25391
32747
47317
95698
16785
21907
82969
61863
20668
47301
19536
1846
15138
69635
35846
13644
97684
2554
87130
26941
73474
89620
25593
80370
3129
2291
39799
90426
75332
41637
69448
39036
47638
65788
57691
65309
95191
76273
89469
67224
4380
10659
70289
55768
84671
48668
46924
3489
4118
55645
93047
60375
16441
80211
93838
70896
31958
76267
47355
42237
37717
90595
36572
94542
48783
37072
73795
41191
46126
51420
29871
83796
55813
10875
74962
59996
63486
78037
74736
75969
69233
41403
76788
53167
6941
29163
45718
74829
92235
83478
71565
69259
61884
15751
59344
83325
9655
17779
31081
8230
84192
99877
44166
9530
83701
5233
22445
86168
73803
47407
57872
35794
30370
10392
19234
93135
32307
93654
57182
73146
62132
56309
79984
77264
14481
50593
97748
24996
50336
96613
22618
48397
57604
751
17424
76410
96070
24925
71232
60898
42475
63585
9812
79418
85605
35620
83513
76457
53744
8754
32412
38972
10403
81313
17060
50341
3651
69299
79851
57043
41570
82688
74643
86620
2750
42710
36392
76547
98215
15819
54419
68710
12080
15370
67434
59787
29235
36083
2649
53958
37701
91927
74018
21502
28275
53885
35502
22765
93039
37172
17824
25853
87923
79864
27096
54461
85747
76758
64529
75934
35923
79405
54533
31163
56016
32730
98795
39783
33670
89691
74420
60878
61659
60078
76946
30447
4231
78022
76453
70091
36009
29018
31682
24583
19955
95389
66747
87383
93135
84470
26954
77391
52099
15333
41689
59929
84268
21974
84599
83309
47000
29606
40382
54667
73852
75038
21306
97361
80621
18479
86573
68467
4665
89025
34979
86559
47824
87842
31623
94458
63908
62833
18611
19119
8552
72283
3672
1681
53026
96553
86086
33672
75211
53674
2079
25008
68823
45682
59050
79680
94564
36796
42144
47673
87330
36246
98330
45875
39160
1013
95605
77852
9233
95651
52057
50751
37079
43066
13940
42140
33055
52815
13412
17443
60423
93617
97113
74301
66393
40750
48237
56460
34414
34809
13245
23814
45778
79856
33755
87814
86051
28414
18058
62424
21620
17056
48446
36220
31962
41663
55335
7892
57005
40611
57984
64683
62241
38074
17877
9956
97490
65396
21530
21548
49309
24248
68425
76623
71177
79051
51282
58115
63104
30398
87015
27124
18358
66802
11314
8905
69315
6781
91609
33500
73497
22285
76794
97333
30901
26263
72181
43267
90928
10391
17541
3167
22513
64827
43107
74954
40696
14591
98956
28717
93282
47900
48663
30314
78752
92580
28724
51682
19926
38718
96305
70165
13119
27691
82289
62433
38542
48377
44517
84090
70664
26503
80998
94109
56074
93572
85489
82236
17448
74991
2319
21133
20418
31285
22003
11661
49303
69881
1764
95634
45273
78796
32088
48481
78975
57608
62020
1321
34713
29935
50413
19681
12373
11294
88202
51541
10686
59754
70433
48689
22474
40409
89646
79054
32821
81371
95387
99254
8710
66248
66888
64784
25474
46627
17754
29434
58138
21024
81300
71676
24581
65350
6171
85159
80674
36040
70985
91997
13455
33499
21641
66468
25265
55088
33511
19659
57267
90397
6756
95626
75438
80146
97595
55292
56905
95139
48626
44857
89138
74362
47024
91628
77402
28857
27929
51516
17079
4919
92267
36030
47200
3812
29385
92228
26594
66492
45051
52038
85463
5886
73101
24002
92060
75842
4996
69066
49200
88053
16317
43599
20342
24092
11392
15881
29600
57179
195
96406
17730
97947
76956
53770
2300
10956
65255
50753
90145
23482
60233
93773
64025
24272
588
31051
11171
75916
45563
74109
86818
81671
90698
1153
68212
14364
97624
44104
74526
54337
18282
99512
90682
8252
83341
53374
8041
22137
2918
23135
51093
23440
86952
67602
78829
67359
63594
67525
54095
38759
1239
33520
69823
12673
37415
22621
15882
59461
71136
76825
81141
14354
55020
85075
69017
17989
53240
11382
27955
65330
46877
68727
91931
34296
44609
96221
69597
30937
61172
3384
77149
26249
32992
19277
79438
73071
46010
16679
69703
52747
99979
65631
84592
95786
71148
87384
41321
58626
64527
97797
33020
24731
90753
51497
63669
55421
61999
8964
1293
18194
32262
69066
84466
19746
86800
77308
27771
55034
71810
80940
48238
59641
85687
48971
69135
12640
20708
73392
89342
16637
8999
62227
15062
36966
3649
3693
27151
17395
72744
97786
14117
70653
97247
64897
82887
5469
78524
76528
86790
13818
20194
96542
11558
96171
30473
2396
80758
6693
81153
38319
40062
97333
73155
72413
85178
22524
18822
8395
27177
16330
40565
42594
11736
82258
10867
14931
28457
12588
10407
63939
3137
16584
83527
71189
2867
25762
26966
72167
12041
10645
91345
27686
42721
97203
13271
4778
95434
40213
19497
18953
96273
24325
48457
75782
32922
77009
33069
77603
41078
23592
85266
13428
296
25579
41400
51854
83515
26781
77477
55308
96039
8945
34565
84942
99350
59782
39143
30773
20205
58897
73469
9189
74162
93621
56483
94674
41744
63485
28071
51288
74942
76489
15634
70841
26087
49794
71765
75695
54112
46144
63786
48382
42162
45825
59757
38376
48239
83017
74760
76578
93997
33471
98571
38879
4947
45079
35201
81298
90568
28131
65238
62575
41193
28427
67090
78371
1132
74823
22773
26828
78712
13551
96142
9214
28711
95820
28242
43827
91448
39250
24946
56524
63419
94154
1550
55026
2663
71073
37951
23941
74694
20050
77689
79378
65342
55511
95489
82533
16714
73470
73591
63792
17761
5451
27793
13688
12669
89847
21184
5798
64832
96925
35037
63624
8296
85055
83825
35041
96077
61432
772
241
81046
96063
80315
67200
613
19385
84425
24663
64282
25289
34517
93832
62648
17762
50200
63257
50921
29746
68313
98953
54974
90507
73066
21784
19722
3839
25195
5335
53853
68323
3732
70151
91320
32688
68275
33291
92183
45999
51149
11082
65939
51788
54318
97223
52167
10670
84660
28599
24672
69021
26617
16916
88582
935
59711
73565
53646
51084
63904
86716
28545
2415
71402
6510
62238
61895
75993
79792
94997
25837
26079
61113
84910
26771
66740
61899
69169
11753
6026
75624
46842
71808
83841
83354
82946
95918
35556
4739
58066
88500
5246
50724
484
37892
94746
98876
65815
92846
54115
3542
26083
81759
77382
75371
10140
35867
20077
48653
74098
15785
50577
29061
43899
32670
48770
98161
70893
95807
57669
11935
90839
17738
40552
481
90278
98220
91261
25727
49007
66469
22481
30473
95435
80776
28173
89396
83995
37124
32916
74902
10456
45771
83612
20508
70958
64376
80123
78928
15836
23376
45578
6845
67885
43097
31784
53335
29771
90925
37743
12281
72836
76925
39353
18376
82993
21884
47186
75126
64062
51033
40182
65285
14564
2057
52234
10648
24189
32628
47739
13289
22667
54871
12237
36987
9023
26279
59070
36710
11590
22527
40690
24296
95901
21467
99393
60166
55100
55411
24106
42197
66831
32046
24014
89898
71852
53540
37263
24814
99802
69395
81981
71674
11439
32584
41071
54247
57321
68429
8045
31123
24930
386
83485
55585
16732
58226
70681
21953
24546
97780
7398
83414
43180
22712
58150
5972
39012
9087
43594
98669
19678
49828
92784
89642
22188
2414
78168
59670
20150
23180
72385
29091
26206
26205
2233
73294
84122
26478
9065
67218
84809
38345
84086
32345
31699
19816
61530
58162
41030
23554
24871
64476
76404
80522
8362
38994
80018
74599
28460
5829
64053
32166
23524
73346
99579
25943
23074
6813
69590
85623
64810
47182
87375
90891
16980
90901
86692
93693
93848
41252
64700
32624
51530
29304
23793
84804
12573
72780
34722
23917
33766
26030
66355
78089
90551
6595
58038
63442
6129
42878
46219
7411
18325
43980
85943
74507
70144
21823
54725
85343
86045
21118
10258
33418
4628
73632
49959
49154
5599
96499
27799
63854
37534
68606
83187
41488
49706
67666
7924
29934
92983
19750
13568
16453
48423
74228
85047
27207
78137
6409
34898
78955
1311
26223
69789
21816
52105
57977
20802