27858
97258
4173
75662
29113
74991
71703
89308
25007
5259
57101
78018
28707
208
3138
77883
63629
81883
18088
26014
1362
54782
79461
11647
62966
52498
78494
36454
58689
20684
20413
79878
65003
98816
2067
37338
12713
17707
25745
97533
4207
9168
8745
47257
88128
8209
91732
69555
50548
75998
48767
99875
92412
98699
43846
52925
38371
67249
7489
99270
84362
31371
29382
59909
64649
22374
41787
85483
68689
268
23754
40561
96486
15556
99764
66535
53320
49901
46524
97163
15471
76647
52044
73794
41520
35015
24750
55259
69025
64246
36712
13613
49521
71654
58094
70805
99366
98043
21799
14960
78437
49600
62491
84431
33168
38950
4497
99732
23339
42265
47683
95663
19964
36733
14283
67685
93564
69748
46456
27584
54976
21958
36797
79078
39245
78159
66791
51219
80137
85606
26502
98197
31537
89888
98255
4580
18027
78110
50345
6199
39764
67064
76809
86081
70280
54107
40402
47043
91605
58883
56108
20683
38681
88411
8346
44849
14568
4158
75043
36393
48844
52041
40706
30247
85072
49367
63348
82915
57915
17890
43810
98741
31226
53874
37081
59360
81504
31643
57031
36261
36150
83780
15730
73019
28902
20629
39687
17540
8509
65710
36618
2395
53719
49365
96428
99739
95368
98940
26200
35102
83040
72892
25161
48790
63336
10238
83300
63448
43418
55665
16884
47959
91544
34508
45246
92793
17329
4414
33548
7222
81268
35330
1631
88620
59789
76757
18337
68491
64921
8924
82057
62940
97393
17343
60273
24719
9265
23973
13354
68114
92124
46366
85188
96408
83235
99668
8530
79714
50026
99209
69057
68908
19407
58596
80003
64102
23673
85372
2070
4427
27041
38970
51393
39156
60751
73220
83645
13121
30563
35347
33112
15797
60915
17735
18762
21710
64125
56791
23912
85847
72552
16925
43626
17416
55505
61650
45298
22054
40422
4662
20653
55291
23414
80751
60483
58407
37173
94437
37706
70842
92818
79693
51965
6727
26706
58120
81973
20186
48869
3682
61023
19282
31973
68983
76919
80908
3964
14391
95619
5470
96688
20866
24670
60193
30573
59326
41630
83969
82671
36951
75101
58611
834
53592
58070
84116
25220
60170
62858
36056
58949
6420
28117
34893
48716
40622
70924
85122
39838
41726
92469
58257
24721
35765
40264
96315
82205
30911
70013
33943
9766
13700
86827
62942
62361
60699
57586
384
68512
79214
1868
20702
33786
61317
57119
79150
86357
57796
73623
66652
86066
32419
32602
46570
66857
20646
67127
12394
57424
10782
31818
99979
74422
43116
93770
63483
445
64793
25810
12162
56930
60
69141
99324
24374
81762
16423
5432
78814
51065
19728
49514
69169
46914
95721
63518
37335
78357
37049
99351
46782
59730
11895
4681
77650
44159
44016
64266
26982
53240
29606
51648
45606
91678
89249
93049
55706
81206
86708
45065
98799
14972
78308
77426
57945
738
25258
10978
8154
51548
10513
34356
46372
20850
4626
14976
98759
87263
43411
42400
85490
6815
22019
77738
97937
53033
16220
44901
88
57189
97550
43620
51276
62925
4492
45581
31385
27567
70773
13104
39213
75
92827
52549
26689
28980
62884
90224
6443
79045
922
31266
49253
1691
59363
39168
91753
55602
44712
84668
15505
25254
32117
63728
81095
6554
50321
48811
35060
15711
55711
50438
98057
29375
10432
5370
76824
30632
39563
53143
62010
68869
18744
51570
17303
11328
3655
85952
55920
48836
86404
77502
36822
57204
83785
31021
21328
66369
10986
14326
24977
29974
82565
65393
19425
10532
22549
23709
83119
82805
68441
58573
63430
79751
55624
60852
62314
37990
77834
57876
25189
74694
75576
69438
86394
30692
73598
21279
97349
74869
20863
16279
93742
66137
46054
72498
57732
73685
28701
63565
41466
8000
17353
7551
7681
30725
52182
707
72989
36141
20162
53187
33493
63391
13627
54655
85893
51315
22463
14854
31330
5934
15589
52622
26692
57738
87316
10745
22823
64313
36372
58372
58609
55561
2143
16718
35952
64575
62667
59395
67918
24470
6646
41734
5298
35897
20038
31125
58325
1167
3276
32624
64798
49758
62928
38601
64451
81881
75865
58748
91250
35193
3915
94123
18535
64768
61377
84340
77472
5827
22120
64775
97044
29023
77394
68136
62045
47475
623
16892
7595
12422
12511
76990
12876
95995
13241
19024
18567
60540
8432
38141
89386
34617
39759
56023
82967
30731
16478
26463
31725
46411
83790
81368
92871
78713
33560
42672
34847
24482
16737
32989
59513
94287
56599
50366
31702
73492
76344
78103
9409
62139
49102
88778
26013
41039
12015
91205
96418
64335
13720
39124
95492
58867
11976
61187
70645
20111
31721
2006
73256
78030
96270
5322
53236
96907
58396
61917
74814
33799
80327
24983
54073
41657
91863
31155
54962
87812
64182
7875
24777
11262
89355
15072
17924
50316
58869
60330
97451
15440
81947
36988
12079
37060
75737
81908
18884
34742
35931
16167
23055
51012
90398
76816
14932
57138
82912
62832
42533
3625
63905
75520
17438
25211
12320
88410
29464
49720
92480
2924
92734
35314
69643
19500
78282
11317
9024
45961
9194
91961
27591
97506
92270
35068
73224
95810
4505
63146
7511
53022
80290
95001
95908
6503
82099
9865
5876
25634
51745
23069
68682
24593
98614
14385
35381
97869
8334
69940
80936
31715
85740
7023
54808
79824
16497
92160
74395
40048
46873
24318
58551
37979
47274
6830
58268
31939
55355
71974
40272
13606
20930
52660
33304
15524
91178
59529
4277
854
88516
43157
47075
94799
53380
41715
45353
19215
80365
73150
69102
23282
80447
12883
77055
83168
94991
21928
6075
65998
14876
98567
28116
37391
72499
18626
66660
31494
32403
63982
41953
38239
29921
97020
74739
65537
32148
81746
6368
30581
29622
26452
75416
31336
50085
96475
96623
88796
96088
250
44656
38829
97335
14154
63464
16619
9902
64448
26352
22391
56158
33630
76994
19041
64038
41125
35964
42474
87717
32419
37993
50840
18698
51022
71842
59500
85102
30500
81629
96751
29265
5014
21049
25171
87986
32988
29561
85440
57386
70243
96764
85095
60105
56798
16409
11075
13805
33335
49281
62177
15520
52880
1319
90747
42769
39850
50723
44509
44503
47599
16489
65102
9683
40851
29911
77949
82418
72476
95916
57058
59266
63746
54093
13244
79938
35351
20522
64077
84580
86063
39921
24829
79598
12586
86587
25147
24378
20427
72027
82357
98513
134
25226
29290
88369
81539
3705
28248
64780
76749
15955
49018
85776
31968
41932
27066
81443
63393
68914
47151
39574
76071
7393
29252
81987
95194
20412
99522
77164
73619
26509
4066
96551
2653
52270
73486
13932
85720
73714
15041
2113
9570
28651
75812
22999
28806
58619
7216
54393
69216
1180
53569
39831
16980
90438
63616
20480
1181
78469
55240
17445
47563
71597
25808
6277
13491
63155
59352
57075
43991
75174
80923
67647
15908
35271
15041
35668
50654
43178
67292
61805
88895
96549
20505
10957
29640
81397
47320
89357
99389
56849
87453
74516
33532
17542
85483
97459
99558
97127
82954
4498
95052
47439
37281
22124
44811
75503
92722
9399
92915
46253
27572
54245
46643
53825
69772
75843
52927
83841
18551
28718
96389
13669
45201
43086
75331
6245
83047
48089
88095
34287
11027
18037
75069
14633
993
85882
38385
39896
17682
95601
9421
15120
71781
41048
57400
55932
5987
22418
51373
64355
22276
54092
29108
9704
46725
90763
81906
56145
159
10551
73397
45398
50239
123
93672
61528
6852
14887
18141
83300
81172
55925
12026
9463
82822
51547
51526
38154
40943
43057
92425
95554
30349
27905
92424
66741
27738
43164
93327
27913
16961
82014
33081
79564
52083
94211
51094
44624
13440
86602
20449
32373
32147
57299
90205
23716
56645
59562
55049
19414
81827
13764
53536
7638
33886
65103
13146
51868
95477
32184
64265
83404
19545
87968
28383
26682
80137
93333
27024
18673
22242
26073
22009
12863
97329
72819
98252
78374
56208
97979
39473
61452
20856
14468
72252
83366
82016
503
57823
32836
39688
77051
1894
21396
51268
68454
43174
35558
2922
27463
95393
47807
8092
37076
16184
53201
36804
50614
73333
60925
22657
20542
99131
56073
68683
11542
41179
27035
73611
73524
69049
75838
1621
61646
89452
55980
6126
91510
1680
10243
63827
40198
30257
11141
99307
76006
73194
32628
6882
58958
96687
6442
51214
12120
53742
36943
49346
93749
88663
34926
20621
13068
48669
55503
71713
17996
67657
30667
78690
99
26593
42124
33547
79994
12017
83453
1779
7897
65426
87504
80440
56264
56604
22016
50038
93503
10005
28587
66859
97715
72861
19108
68171
23713
33458
61722
42077
93989
15246
5217
73523
14108
17641
86317
73393
82294
43515
81946
52766
41263
30228
57388
38830
13078
96003
60990
5527
41686
18714
45276
72963
88903
18985
34338
16550
42678
76829
47925
39844
75515
62367
3525
42475
86853
84743
29605
32239
81703
4159
80942
16739
25930
45294
45114
43211
63843
18362
5033
31868
52765
67569
97580
91018
38694
1528
96023
6339
53888
72449
68258
1931
90929
95625
63916
11905
75453
9876
38080
24850
42502
84168
36107
47120
53895
53547
15096
14513
79364
92290
48997
31292
4517
40487
63202
88707
12128
3730
79668
85482
88523
36716
78456
90020
9822
21575
15896
84429
78069
82458
6676
63255
82817
22822
88149
62878
6048
68303
29483
45013
88143
18692
94312
35383
45830
35428
95687
84643
5564
50250
29251
28344
82518
94268
65719
83206
25742
46330
16092
75801
98265
53829
63583
45456
65932
36293
56092
92414
47960
72547
38917
16480
4925
79376
14636
45699
94931
32423
91672
50133
51626
41076
47912
36242
56851
92353
14992
1787
22049
22663
19605
97462
17510
78112
26638
12406
87738
93127
94484
47984
62064
94224
38580
2142
86340
66191
53238
34814
79773
33603
787
15273
36505
42476
95844
45721
34565
44990
60765
55701
32293
46674
79744
29501
79663
66955
52055
21389
75376
2436
11177
29233
33369
90021
91803
45391
99990
75892
34646
42764
3267
74795
5477
60887
63761
24445
17674
77456
80521
58779
46161
68629
15205
38497
59246
77997
34462
32032
33270
40668
36213
27144
305
26092
75441
8762
43373
85694
95390
72921
35534
96977
98871
74585
51944
23143
60038
67383
24467
89224
85007
7156
12446
10309
57640
74023
63860
25650
28659
74162
71465
88876
77235
91890
36327
43065
36975
32513
75459
98228
32949
19879
66612
77579
33017
30000
35356
1165
73656
3441
66003
71260
43371
64389
92306
70660
7785
95002
9733
29339
25115
62912
83537
44325
60405
87436
8271
72129
9794
78968
96808
46946
27581
84333
71701
72648
33170
36149
52441
72093
10519
60406
26478
15162
90754
20164
49711
62352
26237
66447
19171
11399
32764
8480
64174
46094
26315
35781
64261
6762
31127
85001
81014
56327
71284
46752
94718
47039
69586
80575
22224
72621
77900
66928
73707
89407
1
82707
19913
94078
98777
77437
31881
19585
383
92308
32640
33577
69692
27329
55749
28380
77933
54707
4260
44309
40983
33256
71327
68312
59256
12268
53355
57869
42974
91208
21760
85970
25339
42227
99894
37841
45671
64319
30728
22518
69467
77570
80109
91114
31230
99187
58086
60302
26829
26759
32059
88085
12518
4268
67442
21790
41864
228
71652
40528
51438
370
21056
18624
67770
18849
87282
86748
92083
45014
3393
45212
55072
32722
10953
21453
68505
46486
41926
30451
9567
43042
48323
75707
15296
88408
49902
25693
55910
45683
87206
8002
95869
8136
61113
9263
67208
34942
32800
96946
79809
9416
64818
11974
10531
11164
5796
16116
33222
72404
84767
17417
68454
74644
39363
87371
93256
34122
67803
22327
82021
61713
20246
22298
49184
90158
65945
98219
18592
33905
21318
24186
54172
41383
53015
58798
43463
48100
9463
91807
11849
83699
64853
7923
30830
62012
2820
52277
58968
14234
38292
61451
73537
99890
77326
29149
15369
68349
34740
22892
52881
9456
59457
59833
4122
52256
20394
57566
64651
17402
69923
80654
79009
8386
42869
40506
79094
28393
88245
76466
78370
68831
80504
66163
10017
23260
43633
90549
10362
68787
51686
34145
11724
78323
61417
77493
67773
21930
20114
53
48007
4713
35701
94051
41890
61398
89195
34286
89760
55033
6618
80364
64896
90295
39650
74156
48001
46145
88294
68695
80588
25673
36782
40849
69591
79210
84794
66488
12852
62900
24626
15689
99523
64550
34627
80759
60949
70213
59629
660
20689
50287
24949
42247
19927
88805
73176
50228
14961
82959
60782
92400
74862
13003
33948
10647
71410
52268
82737
80482
14157
83961
47637
28247
74325
69145
88425
12027
36818
62259
99234
31523
55011
19115
1718
97777
41453
6947
58122
6955
19738
16568
50514
73281
84220
62143
23292
16961
61310
6474
85514
64076
86253
17132
10471
37665
36862
43875
52554
21205
70275
95817
51043
18135
6758
40324
46476
49429
18397
62325
81915
37214
25509
15369
61073
9331
17062
66277
32162
66377
81088
75799
57888
25886
47409
31263
72677
26045
24623
58888
83379
51235
90184
43331
24028
88695
56202
41077
64939
68600
95511
76412
15910
3547
76383
33511
68241
73639
97302
71978
87844
9223
56936
89718
82987
69450
39673
22089
31307
12261
17106
48865
51820
83597
22244
27823
34114
90917
68333
24554
88437
85731
97968
40340
49027
79234
64978
90604
57927
48055
64132
98331
66652
98248
54410
582
59905
42550
83763
77122
48559
84194
84086
92273
95610
87062
64114
58958
86658
73841
69444
86863
74584
53850
34582
54282
26630
9063
60863
85680
93521
57079
74382
46407
19103
13915
98410
83547
89218
24353
72085
65191
41676
32586
94417
69632
11957
51760
7746
54437
28698
18312
50718
29672
25309
26056
72992
26978
56266
49414
62436
13244
37602
48134
66302
39766
98772
10457
44891
76316
11361
88556
63612
4519
58914
89731
63613
71063
94008
33308
36526
6060
87793
7070
84168
3905
22689
53563
31284
17888
11890
25104
92118
65983
73271
51015
2038
6047
85314
31874
90446
78650
5004
54171
90142
46104
27881
98355
68930
74905
4581
57751
75494
24688
90795
89675
19074
17923
65945
21573
70012
2357
64746
63064
88310
95466
8862
85909
80878
14564
50091
87575
62086
50543
30263
30122
6528
18423
94694
31455
26962
26363
12684
18140
75669
93240
61287
5589
20532
35162
51461
93145
3538
95508
55733
1024
4340
7134
1448
75867
34709
60256
57893
12797
92064
23374
24337
20878
38815
9090
49100
28156
89963
35185
78874
90221
25219
26211
14048
48042
38288
65433
32161
5771
11866
74413
76727
99289
21365
40372
99068
85988
72412
23369
43392
49246
21765
1046
69759
64382
11478
64765
57028
27487
53669
35736
28528
97759
95598
57467
86838
16671
56691
84270
43877
58421
61476
59265
5541
878
173
40023
57207
7188
8505
96661
19531
34449
95759
95355
52661
46499
94120
4252
94622
78300
36967
52412
3764
80879
36073
3336
27360
94403
72235
32044
12914
87533
48223
92169
11051
21037
48696
77582
79844
70963
57115
1119
64254
60597
39652
59528
61397
94441
98382
84228
53019
72036
89728
80725
5870
59031
2040
53814
14752
54610
99503
10378
89871
74509
55014
20464
56894
52287
3253
78343
14894
72778
87059
50719
6152
22964
94292
38075
43231
742
56295
3000
16607
50459
79870
74325
35251
7870
5802
59928
82881
13706
81105
37144
23642
42584
16232
66229
59012
53740
62094
73199
11679
29461
46642
50635
96549
34364
33269
29669
1984
12669
9321
57512
58170
35859
90926
57474
42681
16010
59689
86150
55001
56861
44327
2306
44007
95046
13241
70641
46346
46388
96373
99295
12279
89638
34940
29453
33134
96848
9940
41710
74571
57869
57373
75793
508
21365
41322
57535
64829
23847
31953
10163
76317
25296
3357
66759
36126
6724
15079
56566
51104
18611
78474
81028
38348
45298
74558
19851
44023
79076
85731
9300
38410
16383
41419
31901
92822
46173
38768
99652
25820
71702
96062
39579
96512
99308
48529
41169
57741
47891
38654
98026
48317
80763
466
86107
13765
13254
73112
523
29552
66900
89998
9551
49393
6638
59274
63006
91108
53277
17652
14926
7672
10557
84275
66930
74626
37627
37933
20433
16582
94613
81345
89498
98772
7606
78716
20751
82016
36031
559
9685
5026
90895
38859
20321
75857
84688
91392
3793
20437
29060
65253
87419
83452
56225
77083
8605
82017
90568
45689
5411
78499
74413
29829
46698
68456
73549
29671
86382
1527
51808
58267
39650
26541
40086
59713
19060
27598
53247
92740
90143
41120
17922
77611
71585
98121
5527
54479
1689
12353
48933
33909
35846
12352
28754
11259
27454
64163
81104
76708
69177
43681
65880
82874
83566
71750
26142
18865
34507
39423
53390
44685
12891
97118
91714
97083
65865
81395
63839
98938
14070
43694
2531
82144
10376
65960
55598
11148
19469
82785
79792
70314
18392
97414
16587
90818
95686
86864
70567
86621
75663
34403
65007
32260
60123
37074
71680
51937
83283
28312
54418
80927
8698
81842
34483
59147
38055
2142
75829
1033
27259
12391
36362
57833
98420
25795
977
61268
8519
3109
68963
65059
35954
13066
62162
36747
8740
54284
48258
40190
43562
4216
57495
78982
87816
12557
70167
86725
18712
51788
17090
25995
23382
25791
58681
42590
29659
38005
81384
60051
56856
94444
73560
53951
43951
23602
87739
83933
81356
25743
38620
25917
4741
28518
95561
57708
65206
8164
79788
85156
58928
25248
80035
64
11428
43758
30765
97012
49451
83101
53004
68938
21629
78865
46663
10108
26698
25496
43264
27560
15140
52631
83652
18648
61373
39275
60609
84882
44959
4896
8499
8830
45461
13609
14828
53480
15262
6841
94441
37557
31542
45922
51552
82799
98376
49228
99448
68338
62754
1254
25977
17059
91574
69463
19850
47035
98547
63161
47117
38118
72127
55632
87980
79369
21027
86990
57822
69537
39565
57222
39603
13853
72119
59859
94655
85156
30667
50874
7563
90634
25163
8857
26114
90359
37682
92416
14431
17312
80358
88397
78163
10124
57173
59465
83033
18025
10671
85185
39218
2864
87070
87119
24109
71927
44039
23453
72837
77004
33882
58090
53739
74623
82063
64506
88551
6723
97930
91980
6574
24513
25452
33301
292
81301
33516
66239
97237
47395
93743
3168
24106
14140
52227
12707
39994
77068
30396
60008
97852
71129
53102
58644
26116
80154
90269
39435
38555
45062
334
82499
46253
11217
98227
62448
68326
96915
39482
90630
62657
25408
17584
25419
17126
5813
17798
94613
1357
13626
32270
56618
13552
26090
26566
40380
8002
48337
99057
27788
1422
83214
9603
54040
80805
62986
9142
45751
13560
11396
98563
49574
31520
44126
18645
7378
29037
57588
23777
70600
98632
75675
62965
62804
6982
26862
37603
14774
44424
89421
31314
28689
9059
14975
30372
75831
50003
4182
89951
78754
86760
92441
64425
74730
72829
93582
19470
17469
7756
19948
15212
56661
64243
54030
32193
3240
71002
44869
24883
28134
19119
98211
5638
90591
93723
76297
81651
38479
29648
83958
60146
94412
74242
8004
9203
54279
6623
68609
7130
57808
3206
92554
41978
82199
52046
36481
47594
66982
59814
81738
4665
63016
85019
72384
75191
77907
53914
2621
43107
92166
69943
54199
81609
37193
32583
7661
41036
93104
24009
18350
46242
48579
79460
512
98436
71280
87161
37297
26498
16814
71410
64737
50638
36804
48435
88171
27267
13478
45589
58408
18350
87074
8157
92231
3075
50600
80669
84358
76684
45455
64657
96546
76865
78708
27957
77350
19163
34189
36467
94002
12513
67594
56754
76197
56740
95318
77081
22099
29499
8720
60778
91463
79876
50562
34764
91591
68602
84011
35589
2136
13325
57254
15813
49412
59780
24117
22666
65688
83487
72805
69214
75132
81885
67456
16319
19256
64944
81200
14092
89802
86053
61915
52833
75151
95357
93446
59585
96281
33027
51540
73442
48089
99696
2234
67385
40651
50156
16542
28559
98783
82572
9781
63987
43057
83576
46844
78499
19593
49628
72463
71498
99236
89403
50180
8388
99600
37917
88703
17692
12308
97086
12714
26761
84387
45307
67715
80359
15170
91380
52678
19462
79763
23378
8825
80784
5004
58477
60766
48208
47218
48304
40130
10178
83269
52371
56909
33653
73400
82824
1894
99310
23263
20881
99976
54216
94105
34049
72331
38598
85664
9094
70565
37867
36487
66703
23031
13448
72449
27697
92231
27329
22462
11398
42984
95743
83767
32879
3810
50329
38883
91976
8574
11679
32898
30906
72825
95235
82771
70463
3292
22496
25688
82817
26166
75625
84904
45813
93170
19142
8172
69777
5221
95015
42108
72761
61776
49341
44731
32044
59511
60514
22122
73967
80489
63915
12556
87023
84997
79194
14472
96803
95581
76208
68928
90420
1928
3893
30314
86717
16628
71333
77193
43124
85668
60121
90299
80619
16285
59639
24089
98128
43579
49626
43374
95000
30471
2330
21800
62044
11653
59779
76917
84549
58008
4919
77569
98761
26404
14389
32234
21973
47814
84753
16547
44478
66748
418
56677
83876
73303
99378
37645
25747
78540
40863
21348
52183
88789
49486
27316
41529
14836
3503
80145
42052
39330
28064
21016
348
3511
5409
48523
27225
94059
22469
34507
26926
3881
74844
50349
12894
32371
56918
25486
94460
21809
32919
46588
68912
15490
34761
9420
45107
30513
36726
15647
57543
82885
57454
35127
25339
28695
51986
71279
24476
45469
46388
97790
16460
16535
44262
41993
36318
67622
78516
61592
65401
29921
35114
34560
98825
12705
17911
75674
43001
55376
88094
29912
47777
18854
97955
5633
12947
21315
42386
10169
33005
37695
99721
16987
60309
54147
85937
39762
7935
60947
61822
41174
39122
9269
81643
35638
35571
83860
4363
72884
56035
41564
5721
91588
9288
31002
97432
5351
15941
81191
15413
98556
91116
47781
36056
84825
48978
4844
68869
87463
40461
58486
27138
73071
99230
14175
17477
36591
87243
16842
90438
81850
94261
78742
97417
24597
96386
27862
62715
93394
1071
98170
52510
50371
65262
31929
97820
51623
98455
96353
61179
98741
37014
8804
48222
5483
25196
5477
74764
77413
26845
69230
62156
60625
44960
24161
76084
59418
93345
70301
80722
18190
19115
15733
18391
25279
3927
66639
97824
67561
1734
31935
50915
41438
85265
64710
84654
27167
68433
45034
28239
20967
31508
20626
23741
57921
70457
45887
65886
90967
65407
20735
21673
88284
36874
3869
85814
67082
37993
53710
51048
95730
1367
89694
47266
99433
7637
26724
1316
92319
50255
65690
16071
21511
99266
26477
71914
66593
87169
21675
5233
58359
92132
46803
32800
46535
29673
76056
11551
40308
72701
74128
79655
81811
96053
55041
7224
7427
2570
83223
69540
35755
63843
11340
6095
92356
66517
49929
9672
97827
77311
70406
59441
97601
65232
96314
24762
15045
94479
51111
68974
13531
18535
73631
63269
86151
13522
50867
2127
61613
31239
80488
1588
46190
8032
47313
40554
42035
24719
70780
80800
99628
37754
85342
14782
33936
38469
21881
98580
35902
38256
33455
76108
95464
31944
55051
70618
12894
84599
43107
57247
99316
83336
63998
97667
79779
55765
84701
23672
98684
50271
75004
81710
44962
40064
25622
37552
6122
77775
18916
52525
19592
47078
44432
96211
58936
52554
52735
63812
43783
14926
61162
67412
16428
80644
33859
80546
53283
39653
81615
40145
93431
75267
49415
63447
40044
95629
27412
5546
73230
56517
47218
95105
13409
92655
70345
72971
36285
93829
21881
21979
30670
30055
81399
28214
57441
34448
60889
34010
68197
98567
57693
35416
17648
34829
22481
86878
47801
50
68403
98822
61528
7788
23696
48714
82836
58279
65511
42340
47040
45993
63094
1169
75850
53928
46395
36452
69583
90064
79085
98285
43576
43099
24024
34191
11760
82440
7991
94921
93137
68402
16813
26401
73443
30831
91761
43618
17739
91299
24662
82592
10181
29111
40967
72219
1998
50323
36746
33610
29675
43617
97141
92289
41164
75561
4175
30198
81987
66002
81787
73193
67108
27405
39627
21019
8946
98756
57172
39592
93874
61014
90152
20360
63405
24794
38373
70535
26748
5825
48952
61627
53283
61918
67112
82632
32266
56396
58143
92343
74703
1715
46602
60654
60314
90777
87270
21069
10264
64689
58663
99333
70175
8246
62961
18647
96580
83563
51836
33297
4455
557
95028
68439
85873
55623
64795
67353
43744
78202
78151
65171
56095
36164
8256
6420
55724
39721
39207
89636
2982
33621
20198
55927
50427
14875
37873
12313
73268
95067
33814
29384
60822
52864
49000
39454
93275
55468
49457
33920
71083
67630
74768
62108
44345
84938
44256
15127
25848
4145
52119
96540
33637
95790
33233
22518
59650
59563
25670
37432
89759
58236
74125
55281
397
68953
56611
98393
9928
16101
20677
73194
91757
83760
57098
16201
16074
78517
39308
50247
13066
67423
6593
58115
19169
34519
90699
66954
87782
84178
89519
18891
47578
51829
50030
6180
87159
25758
52870
25166
96778
27970
10304
30453
98768
3785
18318
78852
39334
81298
65464
60422
91758
32073
12558
12320
854
93242
90610
41805
44525
36297
89814
69391
15747
80080
23197
80223
79538
74397
68914
53241
46257
26455
25542
80872
7851
42863
87552
56656
39866
14802
45452
11517
44518
23736
6913
39666
19889
56382
37040
83846
36779
91460
67904
39660
51734
56762
34542
49603
73759
80346
21454
80002
42497
4892
34776
9049
33661
25870
3348
57570
76525
22953
69429
26669
79646
76138
69930
89028
23987
77735
50119
35834
72635
48529
86492
74757
31169
32207
47198
48640
87963
74541
5785
68984
79826
68414
40831
45599
92366
92571
70819
29793
8504
88938
26602
86964
47152
49910
45235
87593
98294
8400
75997
93050
11609
87625
71520
42477
14440
58179
89655
74557
9535
89080
47019
49395
66531
47046
18150
2896
56929
77061
33850
70092
46470
64160
42633
50189
52349
44360
94995
73426
80128
48264
95638
97227
29144
90380
66173
34101
35202
88534
45810
11066
29035
86067
60324
33561
75718
64619
49677
51937
37108
63920
93997
14181
20124
85807
80626
35863
63197
12279
26798
76711
7293
73643
18481
19649
39742
38399
75604
32063
74269
75941
80997
20505
51896
26503
49582
17189
80816
50167
62868
58962
89759
25349
30562
66569
62638
1852
51426
51375
78739
74077
43536
42023
12637
41666
24493
87390
63322
99649
3531
41221
66327
68267
21870
24089
58259
78568
88529
48150
78298
89902
15162
47447
89932
55739
22125
23086
49806
76504
7823
91406
1141
90780
98662
3301
44843
93961
21318
13495
74804
12695
64802
49778
25475
84938
33723
62332
61333
37457
87533
25107
5689
97258
46911
19116
29974
51500
30449
22788
68675
76910
58271
97338
70971
47309
51681
74142
34581
20194
58237
76638
58424
88775
71707
66588
42676
71916
68134
92397
43005
91523
12586
41424
67350
97863
38192
17656
75183
94598
32324
14582
78503
20534
84144
89055
27180
37243
5202
14102
29274
32746
98441
93403
38373
95503
50332
62762
60147
94774
9803
53736
64499
90314
75132
83658
62348
42622
3816
84511
90319
57208
56298
77752
86521
34775
7554
99377
97369
24457
6972
28222
70046
3868
23132
85799
50635
87581
76313
58516
25765
24580
60283
25407
76542
60304
37277
52382
62379
55381
16789
21633
48420
85566
74394
18651
28719
91158
12154
3929
65065
26100
70595
30188
55361
38995
2048
61767
35740
57740
65906
1400
48925
61705
21257
67699
30464
56449
97231
99154
73468
42624
9124
77283
34526
16564
20717
40674
19406
36889
71781
69189
79619
51115
13422
55445
4376
45021
55183
37632
31960
56574
19020
87733
85679
67782
51391
83437
45810
91406
68487
70737
18673
76008
24415
83320
69683
704
84352
22088
247
57521
39772
22452
39377
24510
89781
56125
89959
10014
10954
88956
12688
81329
1445
96227
84241
78447
42770
42640
79040
27924
8001
70161
29499
86342
60592
34750
30233
17268
68541
27471
32375
94707
48359
32738
93919
48588
24307
90817
86906
41663
59349
51625
84174
30338
79983
91595
82027
67530
81881
54468
44061
72438
51122
40069
1697
59311
76983
53107
11892
67031
51244
75337
49291
87472
85639
83479
87947
86674
46267
8724
40198
16343
85139
44906
24645
11973
38224
74682
27877
79257
66706
61092
74295
17282
20315
16785
36924
46144
67617
47257
23327
40860
99810
59491
82988
97678
34495
69505
58639
48495
17317
37819
49504
25868
54931
45813
74456
4202
67603
13587
87643
32095
26578
96422
14680
43596
70147
88600
27634
57707
65037
75606
49910
66028
9852
99093
37391
57611
19899
14796
73767
66434
99866
79910
51705
3654
31363
62577
19530
41499
3506
49759
38651
23754
46297
66029
34915
8898
34100
38647
27624
51101
68654
97089
31908
67319
63911
59445
18603
76683
93557
30501
86164
27446
13827
69409
36330
82109
17327
501
92857
2069
9425
84135
38871
56182
98052
6804
25325
22721
61357
51650
28810
66617
9032
32389
30502
19177
176
34566
61862
18875
58613
2698
78584
21736
38822
87794
90615
64798
50415
76821
34735
77712
24845
50215
56436
14963
91954
57519
72757
68701
77110
17058
77125
34269
63395
66574
92556
84585
39943
49674
27254
80596
70838
18588
88065
23817
55606
76431
95621
32833
34010
52333
36618
8809
47261
99752
31492
88297
85691
93779
49352
67095
5659
16048
58774
10055
41653
18322
27308
79051
8075
87246
8160
27735
79012
28206
59740
64342
18378
52692
96715
93656
5696
73440
38574
86012
4300
97006
30538
58526
41950
29174
49779
58877
75779
9261
86388
13243
77860
70172
23823
56132
26257
49596
42455
19455
94346
85294
28703
56078
97961
68546
6822
59640
20087
72309
13600
25224
36056
60362
9878
5471
24718
1335
96110
20289
82640
47952
95070
42261
86701
8441
50710
50855
45457
36111
72507
21393
34273
51089
19950
72575
6942
30047
59682
96641
18140
44462
76921
88084
82819
18910
92087
82763
38250
43106
25275
32105
74509
6480
88382
39286
16837
46075
8339
22767
42977
25224
45765
6091
17799
2460
6518
72786
16385
85969
49988
26465
68991
36930
13537
58274
71778
11550
86491
15754
11660
95112
62380
97654
19330
3492
89529
15340
2496
66430
73957
27824
96602
42613
51630
92139
96248
92753
67744
38291
35212
40349
5452
10832
22118
5608
98040
18877
677
3544
78734
15161
51501
69950
23150
94019
6078
43089
43615
68199
1455
36062
18451
79610
68019
11510
30349
10867
75056
70264
82432
50983
19219
31064
65181
85009
65571
18817
51982
9410
73868
35034
73946
13729
25042
32176
74174
34765
88299
30380
25823
885
88729
26051
65413
68989
24199
13238
49008
52296
62307
33387
30203
73400
12179
61101
42392
24744
18197
87711
94967
35437
45240
34968
58962
99925
74049
4738
79574
45547
47821
97155
12104
77161
69385
91950
60811
47412
99747
46782
44799
57271
88079
52863
85303
4575
11095
61210
36770
74991
36704
28617
62859
98326
65638
231
67159
59895
41570
78670
80628
26418
91792
70551
52723
65599
59389
61355
38982
24103
1628
24518
6926
96591
6651
8452
36851
6352
52221
59413
35409
64862
90715
37318
78819
9405
78807
94835
81002
67222
59793
12730
89198
27516
19013
64347
56399
30228
22438
85992
93223
75318
71059
69514
14565
63848
72888
95772
58141
76056
9857
68442
99473
45945
629
96936
79150
23803
72665
75521
67709
32095
21082
34271
18237
35385
99981
36907
82963
390
67096
98781
28878
15570
28493
62396
23158
60996
68554
69489
86351
82516
50147
10887
53967
67260
20508
72609
28761
13388
47300
85831
87677
39591
41556
3463
60056
47944
47718
14674
76674
61174
1463
12865
7691
34291
76237
50734
82553
33021
51581
13042
92262
68417
78219
84233
64427
56537
81205
78866
49278
95879
10035
97470
33433
7609
78811
33095
18901
50007
19318
96854
81745
64882
16314
48590
58853
60553
47838
94700
65236
81430
9298
27405
77926
26395
59722
83892
88642
29123
29252
85600
45492
52038
18177
96785
93593
91713
90242
13465
98914
79856
4481
60545
75183
89789
81279
94826
81377
23038
73357
90419
69009
97934
23790
32520
80955
70477
57996
16453
81548
72839
78985
72798
18881
21172
31143
8595
42326
60329
75331
77203
2850
87407
53986
91277
70112
43244
78576
14244
28187
4186
55414
38328
96025
84447
20435
79647
91821
18648
60098
47562
31053
19313
1157
43363
42264
47820
64561
55511
23443
79608
63427
32594
99640
98603
68689
58190
61259
32000
14959
54336
9525
93287
56239
7587
60346
78448
57794
86414
65912
54334
20801
94757
25983
81883
3190
82466
70709
4459
13108
13487
38687
43580
12036
69502
2114
3068
92088
86275
31318
18103
8358
47469
60963
62510
96828
88321
54002
45008
26298
883
40630
21259
90031
45417
58103
46457
76671
28789
28794
51937
80311
96059
2301
91800
2413
38146
54686
37705
69482
70984
41950
59503
34890
30965
70272
8005
1857
27748
51488
92100
28135
10061
40163
9172
16590
65691
43250
43752
94243
64645
40454
58051
50760
66265
54241
82261
72564
71976
29771
83190
73231
12964
42904
73423
9862
20059
31533
77657
53700
91467
57824
85119
13221
82339
66330
47541
89665
96851
88014
32346
37146
18258
49443
80511
62095
94229
68729
42891
68264
80970
29717
44906
33831
99540
53917
29649
11398
43422
25388
45949
99552
59915
88737
66496
81749
34751
59337
42856
89458
85688
40950
33417
68486
82531
52538
59325
56202
98086
87600
60650
28596
55601
15731
9799
7624
11348
17795
28987
45466
92053
29042
99058
2983
21672
59731
97208
32916
89096
18343
66214
46573
40454
8076
31120
93496
35413
60811
4563
75302
40991
32238
96194
40198
82853
42235
41407
46985
96435
66895
19937
27103
528
81326
71368
53129
56014
68773
16558
5194
1945
2973
54706
8684
40257
30752
87266
43290
56594
88600
11720
43734
50119
3753
62799
71342
24460
50029
91992
66416
36282
52003
57373
5503
93916
22421
17071
69527
96237
74971
63380
28929
66246
16127
70221
76550
30559
36305
7098
87366
53686
55782
61423
50898
65601
60238
30941
54124
37410
83831
4515
63306
88310
53032
43143
38157
77932
6880
66476
44428
15134
86897
42559
27983
19820
12570
28438
80198
57596
81522
63309
74417
2643
35701
97233
80619
26330
81996
99628
37872
98052
60998
9716
60228
8894
91583
62879
22295
81528
98371
20909
7186
45277
8885
86621
54730
44506
21451
37486
56032
92254
57276
5516
38896
87452
1281
75865
2030
98339
62545
93232
45505
30532
71005
32861
87562
45344
30352
7841
61678
68380
4391
32075
94027
69252
51401
20209
66523
7010
35765
61150
38362
99276
43379
64489
20304
95278
57548
23115
96044
1582
69379
21578
17269
8570
72007
13702
78283
19731
49651
53625
75720
52119
3151
48715
89994
37379
33662
57616
51171
44440
48410
1701
19799
94600
35297
40825
68189
52348
77554
42361
37071
74097
36421
99353
59065
65721
43277
56794
10178
64583
28880
77614
99514
24052
71036
38723
70010
6734
5669
76405
47586
23331
79018
90476
37320
46731
86248
79007
40660
27817
80147
15774
95105
88437
168
91436
23115
73869
81765
52533
4284
48485
18485
41752
36060
43624
50254
51555
76209
36375
16335
56524
5801
79144
53813
52468
33784
17954
44939
51548
29613
876
6651
54137
4347
49532
48736
64100
46409
25239
80343
99524
87358
20558
57090
36489
4652
27432
30150
1581
15426
6062
60175
39859
12664
1809
50237
34929
13703
40808
81279
64007
87674
68370
86687
16171
1038
89746
95273
43137
33705
40448
79042
18942
85876
21497
62141
3367
11302
27687
26679
62527
56228
26828
57966
3851
82419
42332
95929
21330
47157
71330
59197
77228
98479
98136
9518
25296
4225
67603
93551
81619
7713
30821
55375
1054
91683
76657
76564
14561
4803
90025
9410
15487
88247
13851
31986
53454
75427
37301
57190
47269
92057
50228
37037
31723
88248
77802
64009
26195
39236
7919
57951
13454
52383
56771
26226
67704
54821
74710
7690
30273
66572
89611
4728
98096
40983
78272
28957
50800
31968
9811
87388
90764
54060
92134
95325
94242
13607
96661
39252
10596
58877
35560
66967
99412
67561
13959
85148
15437
98451
61812
33185
36005
77805
74926
80045
78586
48269
94894
64477
9283
87195
33377
72387
92388
3937
22473
28412
50179
14685
54663
35318
67989
59463
9702
3217
80964
39263
2106
60361
193
12983
55793
78064
9345
31619
86962
36846
52719
96787
19270
84928
82340
90855
70154
3777
17997
21207
19685
85897
91284
39703
13940
89554
53936
84981
62702
18983
10011
27254
93636
78131
39302
28855
79217
48577
2641
29205
66435
69251
51910
57767
12561
80265
13612
12863
75886
23811
33076
316
55450
56785
37753
91411
94844
87315
35442
68051
2507
93298
59508
25849
80900
77769
99098
66758
30994
3197
96654
74570
67775
32864
18344
94234
34038
40408
76419
71466
63748
67173
59251
47891
65375
90912
33697
26096
11023
7288
89372
28762
8580
99982
49755
42175
72917
1449
37573
68728
77694
41016
73906
77425
68237
27346
12154
94682
16364
33117
26012
41086
76582
5841
56847
55784
51621
25191
3174
93585
52556
97488
18873
73445
11762
54807
49364
43786
51873
86260
28608
9240
36651
14822
91049
31863
62036
14128
27984
85643
27943
36660
88963
18685
4796
58395
87030
62707
70659
66090
48317
43619
37247
13462
45925
80681
58871
97249
28880
43520
16871
40182
37719
45844
30751
40841
76854
80906
4479
96713
83573
98351
85407
78623
25263
19389
7732
39250
70877
24621
26724
254
34727
21174
98138
96295
49340
64082
84032
11148
30212
67186
84680
78023
47312
34656
71509
2099
40837
40566
19931
17525
65494
5709
61195
2879
84295
7496
79177
71217
20613
80184
94548
59548
532
97236
99687
91216
11409
57542
61388
94553
1407
10977
52888
40585
42659
55519
42418
5316
52311
72576
41374
30693
49952
32824
36055
74081
87524
79127
28283
44363
42384
37280
36945
25365
43456
77084
40983
62418
54887
68346
63147
52706
46288
28203
1639
85076
52546
61118
87639
79658
86080
51234
28475
53439
96262
32776
50881
35456
79670
19544
51540
95090
2257
67167
3935
84223
29398
70944
96756
82924
10052
48632
20929
88330
40414
45020
65613
66429
86961
48919
92923
49432
98669
21597
85546
85793
88893
35951
8053
96776
16252
9286
89994
23336
27726
66503
97696
93162
42109
90493
57895
97136
16900
20338
46705
99107
71502
9576
51760
16526
85482
29400
8238
55892
10660
65594
34929
75592
17587
31867
81035
1021
18948
59459
57856
36545
14665
58798
33117
35155
67474
23408
83749
82419
42776
31484
75690
58617
65067
65227
91125
5082
78549
79272
54265
79990
62230
31858
38899
67653
3779
88384
59149
32175
29422
84303
20236
70313
25604
37132
85247
16723
96156
10930
69216
9467
6503
78705
93340
85524
11119
66645
20241
81776
36997
76184
53608
44035
66692
66399
50696
34353
10623
17877
69142
79412
56222
61790
83638
72998
83967
7659
57152
97328
97509
24150
73800
15812
3439
27221
57175
96345
36811
78405
55277
86792
92526
87617
27911
11692
77665
19793
31902
53709
20314
45466
71855
17701
90534
49176
18691
27450
64986
94822
33993
84317
55746
8159
62437
41949
98702
11999
72131
13263
81950
69275
62880
1310
29607
70004
28872
39327
44972
76267
38032
38948
55112
47220
44657
27655
44610
96138
76692
77914
96608
2692
58874
50745
41118
91534
74706
10420
1520
93983
35104
93827
44906
96272
35033
59273
37842
39132
35632
2849
54324
67951
10519
67762
14860
54305
46660
19708
14647
62380
80442
49927
54496
88792
76925
35939
82857
92686
70531
61780
82406
72979
63717
71512
45217
48232
79441
13977
62842
74021
43697
89954
24119
85915
81398
5829
59394
46715
33608
18017
9824
55152
26252
48258
35483
4458
2646
1632
36069
30866
38154
4230
64185
75630
93656
79697
25386
3739
8799
48584
38810
87912
27497
25974
87696
4044
67204
46805
1223
92482
86539
90599
79019
27914
34754
30394
86666
88606
63647
49631
17601
22306
96721
2182
89325
65515
75187
94665
30633
3939
51314
60863
88876
27749
99554
13920
47296
88412
51515
81671
9083
55679
72246
20444
32126
93861
68871
27641
74283
1640
54744
13356
69103
69121
68957
125
46897
59331
76798
3811
48541
47858
25348
55542
45037
15502
11433
68568
66795
36842
30849
22040
56918
18102
87581
37325
4367
99799
88717
34269
42120
13070
91923
56439
35760
90889
96818
86030
36681
92658
87367
35922
4784
10177
54743
51138
24777
2791
35366
6604
29848
84415
86466
2891
86459
72474
13220
76039
16173
85911
64321
11988
71448
13253
43033
71776
21301
34951
39387
15772
90035
47086
61309
66828
47646
48260
37169
3064
84777
28540
108
84412
12801
82825
1275
58537
88623
58668
72759
47590
37502
74503
54385
65606
76913
3695
57890
92452
3509
6248
24935
84737
95745
89508
77959
48591
43775
67620
57873
2544
90741
19870
18200
93699
26241
85928
77895
32664
59225
31375
48780
12610
80229
7617
22063
94609
51236
24651
66941
10730
39850
46742
18452
42993
31461
15255
657
23549
45462
21443
60857
32623
96971
68037
54039
86754
42190
31400
2087
73858
71832
77293
98340
52190
27905
15639
73987
4272
57715
33198
95248
37959
568
34859
25175
8792
46366
54426
64693
20617
69924
35979
95991
85570
41168
94351
25984
10238
14129
27242
26577
95985
88479
35010
62053
37878
93411
28272
23432
88278
70469
5615
90793
72522
21642
6050
74984
50129
57202
17147
51184
72985
62387
43477
67981
97287
14732
28865
33229
49728
81425
74918
29854
97375
95931
13059
94093
37676
30776
1881
27380
39580
41689
63957
5498
39861
64202
6488
89643
5162
69625
94845
36685
73830
44630
2593
41887
43770
9098
39793
35327
77128
38717
93631
11826
35963
17043
9907
74305
79227
81015
35993
82773
22987
28679
62225
19855
83960
58867
32802
24194
35588
39800
63208
98509
24824
35746
70853
14106
38612
71458
18205
45665
61345
25005
39212
27413
30954
70671
61625
60298
72077
7237
29648
73139
24680
70619
84099
6842
36976
33485
49838
34192
84963
12027
6334
24199
76195
70989
74726
65580
89611
74967
85751
21991
21382
83429
74222
49998
30515
5035
54649
87023
41629
58916
36717
40336
14747
84661
94418
44547
11621
82132
81606
48705
66181
19858
30373
84968
77616
88953
55726
13935
11658
68598
29975
70335
29962
37907
8157
50491
61325
21470
57042
45274
36579
77395
43081
63973
91310
64938
9224
68286
79574
91139
33157
30926
46310
73219
60673
32556
42025
27672
86525
91984
96354
96135
84781
75528
63906
37156
79494
72673
79781
77468
80866
84448
3588
86838
29980
6182
13783
62831
3690
17212
90991
97691
83801
58612
41684
93164
93061
59889
27618
74681
40601
11319
66454
8683
86107
93199
28688
33236
14136
21484
17229
98502
47665
65201
7317
70683
33707
51390
2631
89095
23686
84799
41334
22435
92272
19094
88264
2661
54750
44893
23019
8540
50809
76057
58250
22371
25702
57955
20116
12925
26501
39136
31082
9057
84362
29272
39473
50106
89283
13800
72903
61571
18278
61804
84529
24606
81622
4213
97709
52379
54611
89609
30511
25445
11963
88105
24418
62274
81949
21290
21223
44746
96170
30003
66526
63246
70063
57902
19584
8270
83701
3742
44757
83394
26278
93428
45181
39705
48782
28741
75655
27544
7382
31354
13775
75966
53694
31962
88170
86943
60511
54928
96747
10116
73943
9828
11478
43993
60844
28322
66072
95389
68357
9976
31091
500
69015
27615
78621
74528
66667
1703
20316
68078
50757
76246
58547
33285
37548
11361
66163
79497
5194
33513
36159
51212
12714
88778
38917
38622
98926
35602
33457
88607
28582
83243
8394
56398
19978
11013
3603
73784
37705
95652
59815
48594
18190
39338
22883
52751
56331
21674
67062
22794
91876
44727
85158
89813
90927
71105
40645
85165
15121
48736
62865
46465
49433
23327
71584
75039
49694
23200
6631
21750
57501
2615
40432
34691
65798
10274
25143
56179
79693
70255
91624
96919
39954
61757
96674
36628
58165
86235
9555
74906
77194
39606
7215
23290
79396
25880
9277
8498
25232
73702
10499
14872
44206
23403
38066
72017
23878
6362
65166
77248
28337
37799
91238
91275
84912
68734
43600
38164
94889
51701
17564
77380
56889
12410
72601
39197
13255
7885
88444
33613
89892
33802
46457
87433
65426
41159
76848
19423
87430
71116
39672
35752
95255
22634
57110
67847
99784
61802
50308
85493
90797
151
67210
34470
24872
47769
55180
53901
99204
71126
82093
71510
65495
64981
68464
44775
63154
17594
92648
6599
82086
50130
419
34861
26970
76728
61078
80235
36382
618
77143
56460
21059
2723
17718
26440
52443
56757
21789
33570
97267
34715
50431
17213
18834
78557
7221
53695
9800
52391
82828
62366
52632
45983
76830
62215
56871
52174
39
18631
10278
4538
48998
94494
27092
33493
61409
96567
48490
69972
23989
65934
44863
62545
53747
47483
31761
76138
66832
44282
62932
61965
81384
42272
25009
12609
72180
30029
99118
89879
91712
43355
13147
57015
79917
39847
83773
77564
98522
98308
28820
33956
21304
91159
86241
27543
7338
67637
10429
26263
63387
85297
89891
38707
20109
24583
24298
4605
85692
77587
43716
71317
84440
33878
87246
86524
86963
72447
9832
4976
72184
16517
39743
18098
3366
6062
92564
23803
175
28565
11143
56537
68941
73111
57592
26362
47923
98620
91390
71195
19168
13772
24017
42956
66491
29012
67390
240
28894
49479
79688
28104
68880
68454
87447
21393
27521
12361
47231
75808
72492
17911
75225
7765
93127
48029
37374
10999
1734
58835
3018
28461
38416
61402
9084
17293
92825
12690
89974
95366
62389
17559
13646
68658
49233
76451
79974
40003
46792
3947
90475
27127
12869
26956
54424
12667
54412
86904
9030
81058
5428
30080
22420
16359
5683
64558
32666
70594
6907
30596
90380
61227
39735
98585
2327
55564
99764
429
24546
46061
23260
37495
26553
47244
34432
18633
46370
27888
18260
45096
59869
47951
89861
96195
34719
41022
53785
66978
52122
44352
26249
76528
40570
38805
32774
71410
52434
54465
85972
39490
99150
21404
54178
45541
71946
93103
64732
71919
42413
60887
66249
22405
97859
19757
68342
55422
39868
66671
51642
25201
2277
43111
98264
19602
26587
93485
70458
76052
90657
14687
42824
35110
99821
58521
93
57123
74335
60237
45297
47688
37166
28044
22251
87289
81600
24135
30993
86314
32982
90812
70314
45231
27442
58369
97539
78604
32698
35992
21850
1074
3238
19023
32639
8726
60484
78394
1183
58459
1793
72452
33425
66832
58869
86879
8536
51894
55363
69874
6672
21159
79542
9313
42460
94756
13938
67772
43120
66088
26674
57498
98828
21710
87760
60265
42563
85195
65183
605
70235
29356
98948
69036
68718
92032
19712
27690
2733
42288
81309
31274
27577
87632
85362
20102
97235
58549
90282
28767
17399
68523
69729
60378
75427
83214
57986
11086
16781
89473
21817
6254
28179
49513
64888
44942
49620
16824
41289
95747
94980
96962
98533
26520
43317
89535
7170
52848
94479
77374
88692
64992
49226
3152
39528
16808
10779
57193
72896
46106
73459
34072
43002
16162
96951
81101
13045
80199
80724
68190
99323
30941
82521
51949
39315
88001
58654
52917
64639
95035
67486
12162
19063
18773
21610
82908
9685
30613
42085
88321
30873
81264
18094
22353
54618
19928
10922
67132
42768
99955
9437
74821
70541
37432
15999
36719
66526
52824
40074
76896
61068
98351
36409
64500
76098
14313
95266
53328
53198
94381
20101
71640
97999
15323
6656
7729
96571
19709
801
47597
37243
11905
33333
25906
57267
27190
88666
93867
23230
39414
55391
348
56180
62083
12764
47721
95298
96008
28331
1035
47172
1558
81231
66922
44865
46248
89222
98189
43402
53042
22941
80147
41969
25574
64293
70034
35106
98158
99593
30748
16685
87148
12190
43069
29027
43356
41442
79010
47937
39055
74444
63621
18501
62004
50326
45241
96425
73410
18426
59234
80602
75615
3175
33124
43824
78423
88639
21947
82491
28012
17136
36377
86658
88959
51427
93434
69937
24688
91234
87109
87411
66716
4503
92154
630
71232
42738
18727
9749
9783
92609
19716
66514
60134
56897
37902
11687
4194
57001
51740
14228
57904
78577
80969
53107
64602
35713
8118
60012
67345
18182
37526
51012
29571
7060
4900
80540
83637
98954
18699
49138
56624
52225
54117
14647
50122
10650
6483
84348
73831
37764
71178
51046
64695
24613
82489
39623
1283
54964
73934
98552
12688
19195
44903
45698
37394
46757
77371
47979
60444
55228
23561
92083
49110
56536
89114
52635
90742
77821
45788
16701
21426
47591
57022
86015
31964
14149
72927
42204
54166
1339
84928
18597
89871
29278
60887
27786
62821
23357
90110
79904
64547
88548
62926
22710
79090
96950
73135
13207
97388
96794
85278
36709
92289
29316
42469
42784
14983
28832
78987
72955
18747
18971
76874
21400
49961
82417
96561
60358
59498
2914
60928
960
13830
59814
51759
71317
2659
37614
14469
71261
39090
32330
21520
44367
9207
6232
37358
86741
48494
37425
87038
15844
14836
17689
54072
50415
37970
27115
50602
69542
43639
2356
86433
17108
84629
6488
37955
67990
41916
78665
75033
85272
70817
57930
86212
90865
176
33745
26946
84811
2372
81277
46477
6703
98468
51082
16647
83529
52740
42429
8358
70860
76993
5923
46357
83742
11549
32451
70480
40392
66720
94208
12413
35753
72364
21522
41895
95030
57884
54177
22948
87578
70121
65881
56715
75509
77928
99194
79108
17674
62346
49501
71079
33500
93091
52610
19237
11072
14638
86449
77702
42906
28334
17683
12324
12773
74082
33900
40456
49033
70071
83959
84295
97710
76190
87604
3543
21588
38988
2732
48655
15334
93248
3406
10657
83059
1657
77048
2275
72341
52274
57480
51590
40517
61310
94575
23354
91742
90946
47460
13899
8798
41509
60888
65752
98390
42611
22856
70732
39730
27280
69040
12466
1234
56219
73025
11082
6990
77689
47901
98407
85054
2482
45015
40666
51650
61726
40312
58870
74455
59397
61062
39014
33923
8332
69250
45457
23731
63199
22524
27741
94705
98833
32138
3405
26948
55042
57657
15899
40325
35446
72068
24972
78065
93903
52843
44563
85944
75581
32848
87225
21025
4048
57968
95098
40053
75454
10270
35038
34825
44861
45962
14903
18733
71125
71447
54918
26080
60970
60984
91693
26709
29222
83187
94267
91877
97199
35652
65390
5423
56035
51449
74865
25794
15937
52802
67206
51774
11555
75777
31491
22391
22833
16360
37331
23727
89361
10459
20626
67218
1023
53282
59920
10207
88195
32024
42300
88752
51905
12388
55699
14221
93781
72356
28360
10378
40027
30058
79027
99704
22996
22205
37587
54782
32179
56112
14469
85232
35096
83264
30192
21341
98912
48359
13894
85593
91160
78310
82413
95190
66681
92815
4198
84565
24391
93084
75547
75874
74111
16119
51956
82543
49683
75878
64292
89928
41746
22319
46663
38796
15653
93990
74270
62390
92276
71107
17755
89318
2238
9965
3815
33514
89208
44573
74597
92047
78276
14252
84547
17698
82599
31081
60047
55761
36701
2196
94234
53185
94907
71008
29883
76231
5995
25751
58305
98911
96058
22910
79979
26512
33198
74120
75343
16027
31547
7319
49573
86828
3607
75743
90321
30600
34004
35001
95884
3562
20091
24890
58765
66436
3878
79750
10126
47657
65857
92790
18394
34661
7423
43441
70979
13860
37784
23291
94279
76485
45946
80250
77021
84215
57004
44909
98816
13509
18543
70078
4031
92239
89247
19832
34006
28655
71900
74596
82138
21866
87116
57560
6747
33170
94796
88553
62776
8379
753
42102
68958
2048
70065
99418
39384
21296
54185
73545
55929
49685
30592
10417
59274
63218
53999
51460
72761
92935
84847
35359
44420
63955
87587
18830
43494
6446
99652
45743
38159
47662
61150
69406
78986
9542
18489
56589
50575
51723
90624
21295
26840
93897
45379
58426
8277
58362
41379
49088
31840
89932
22416
14018
5179
99870
98877
8005
93048
10695
91935
73
19051
27231
18770
55708
49680
29492
3968
41494
23930
57710
25952
95746
19601
81826
76445
78595
52310
40382
60394
88804
39127
36319
53123
29881
28434
55094
75292
19227
42668
2804
34562
57999
99045
17783
62732
79971
56548
71654
6478
50861
68886
79877
83757
1691
73320
81588
91128
40240
25413
87799
53614
54138
4869
49547
81207
73098
2566
26372
75475
70255
73973
72281
59140
88332
97397
16594
82756
59134
25565
53040
13373
97984
53044
35985
55339
96087
56695
97805
12935
50652
92681
88867
60851
28724
78193
94357
37124
25230
97549
28327
2530
96331
74957
73068
32295
16451
92693
20112
32159
21055
28128
18208
85977
96961
91490
82045
21630
17969
13840
16076
5194
8813
2078
45432
21289
38115
54090
49023
67705
48259
41895
38991
46494
28243
69701
71126
98335
58034
90569
6564
16655
83875
57504
36507
20217
16522
94071
54748
83560
19934
98748
14411
35868
44451
20333
7861
32346
48647
78670
46525
77116
36023
14930
57164
95957
31605
74358
27176
92680
59590
99067
49208
56687
70814
96000
38858
16946
25900
81985
58138
66956
85989
75345
63214
22027
82697
50277
79192
12383
47991
55851
27379
16387
13824
31263
13647
3284
94029
33541
21776
10604
72571
67284
30784
68208
23109
5762
23509
22897
60536
80765
65146
97357
61268
60637
20866
94416
7444
68566
14529
95682
35607
15213
96412
7271
36196
726
4579
5264
98107
74191
35277
58869
34884
26434
92008
47447
11055
51739
590
41295
50259
36916
80498
47702
74082
4548
29953
25901
18047
68061
58604
78795
73324
33929
49214
74375
62892
27350
5434
55608
32807
2881
33301
35671
35543
73657
77756
46697
54434
25445
88007
69492
59399
74632
51707
47661
81310
80050
52872
84234
38625
86241
34685
29518
54007
79734
51450
46801
93327
50572
4203
3236
3462
9511
12201
39749
67608
48360
82509
8546
91319
38915
92278
45724
39970
47149
17708
23842
69487
41618
73550
75262
80068
75831
90320
10306
99084
32051
43395
65082
56274
60088
48546
26725
5977
76807
24563
23931
27811
96540
4215
7837
27718
64217
59683
39484
63887
83173
20844
87937
21519
59787
52912
51998
60047
50723
63470
89441
52498
81040
84613
67693
17997
4575
32648
41531
31256
65448
92242
36453
50448
17431
97380
62891
8836
24809
32948
36222
31675
1351
42713
73583
52147
62256
75697
80494
98269
53879
4223
32033
73404
81664
41682
29873
7195
86490
65909
19788
143
84280
75067
41571
87124
93060
13046
92782
77681
11210
37903
26987
56168
79522
81000
69155
46840
45766
94361
56687
77826
75736
9524
99606
84493
98020
44783
25832
77395
18239
9261
85689
41027
34585
13662
8925
70379
64049
34646
95482
17418
31553
18805
74010
28683
80160
66582
91715
90646
71936
97836
17525
73273
87923
12144
66653
69047
93345
68325
8070
97124
76199
96412
63577
92485
33824
14841
5764
73766
50492
61550
30150
87650
98498
99631
10596
20901
30680
81468
62650
6630
10514
24026
3274
5549
23620
14145
50125
65775
65690
95011
46545
71073
67966
11808
41000
47629
56535
10001
22873
31606
14560
57245
59944
44321
10968
41964
79025
52851
23731
3040
99172
95787
31025
55403
32127
1415
66646
98341
16553
36919
78657
69052
47424
50836
35124
94819
59230
55409
91539
96797
89609
88146
63349
79032
24050
9608
68713
906
31005
53052
99689
81935
10186
71167
40386
15415
20349
27983
11969
88294
62946
90364
43655
75647
60515
48610
29464
28454
47756
50642
15821
32630
35386
11147
34897
57399
11454
81946
26207
10487
64437
75638
1809
53652
34135
52614
18134
68684
7931
43500
46324
18282
93198
3438
77732
55091
81901
98263
35834
2375
30751
72637
38550
81905
146
57631
73046
61632
8334
50439
3413
92535
56797
72833
64960
80760
80306
94877
43780
91998
97855
85418
53363
16039
1961
28006
36242
52692
50516
11690
32681
25551
40758
61444
72852
38738
41392
1707
38427
51006
27139
233
15598
29563
20355
58490
49408
88585
58595
18997
2216
76875
22116
19786
37888
47014
73211
34093
96456
21420
83911
10177
11704
37423
82035
17408
82883
77297
55924
46617
32339
22702
91846
95484
13990
43478
57972
6329
81963
3509
36022
23427
68939
80370
39286
56361
75081
87976
22566
82456
48421
29805
83294
73416
19262
33145
41645
14743
28483
84983
12141
16594
57159
8430
61817
20348
41433
59609
32420
1916
92269
62380
16248
59391
73408
35990
34062
96287
89377
22360
73556
37684
17790
8063
62295
13131
90370
38781
26596
65422
14442
97006
91464
85882
58296
7765
36971
21616
30077
92507
12640
80443
11966
64295
26843
90586
7152
89578
96949
49663
88317
98423
45396
95446
24217
50533
90681
5537
73975
8066
74299
61619
95359
61473
45760
34836
16826
14944
17873
32945
18695
76082
74239
76724
47292
56309
16156
52989
52237
1922
51042
45996
63906
20543
7410
97743
25142
15823
49865
2679
56440
41172
55305
1695
34396
23152
75787
45632
48717
39008
57641
30159
68666
1263
24718
13983
81922
59106
42031
93452
91779
34820
15730
80546
95417
13696
55126
6722
97290
29424
19994
56502
53275
10980
33022
50796
66436
12051
1798
34644
73731
56880
34163
88371
58100
53101
98169
72596
65365
30381
35795
58850
26258
96537
86797
62515
25076
41071
12439
39003
86401
79243
20762
21274
3500
52735
97826
8853
99380
69833
22560
15262
12226
4326
1949
39477
53386
23931
48696
85372
79453
30530
91897
47710
73942
94899
23739
27287
2565
3074
2474
12467
63764
53321
41669
76803
93860
5827
87282
51005
29750
97533
6161
14360
64962
1172
9059
85342
63567
21777
72532
15008
42053
50838
98819
25698
56047
86554
69455
41578
4026
14079
76096
25512
40024
41631
25926
82516
24969
74525
82176
94812
47576
88634
39943
94298
31137
56519
23836
87255
13754
14779
31985
18936
51491
58822
25894
9212
24713
7441
80314
65965
96683
40835
73319
29972
6551
67478
12507
40630
6787
82528
20771
82688
33786
36252
39321
71651
56624
8689
86876
41512
30902
24111
94767
5106
88440
56554
27784
39395
58322
12293
86148
95164
14923
56711
89941
32810
76007
51116
88184
55411
93083
57624
11485
55138
68951
23216
24432
17149
17219
9336
86924
61824
80938
79434
96283
61800
29722
68875
73042
73812
36963
20902
65778
66401
16217
25565
79967
93628
81853
87599
7397
44494
57288
56591
67368
73498
76154
91729
73471
97405
14056
41847
48264
73582
21010
97217
10267
35527
52035
55240
42595
3495
1842
17618
44018
8617
84606
86498
88969
6545
36674
91046
99080
66557
88424
80628
98649
83467
92917
29545
21466
70888
99329
89273
52627
67726
31635
50663
17483
88241
73207
38957
83000
11661
50822
41640
47915
93970
56815
30068
51461
98238
47245
69734
52447
52890
64936
21507
11825
96456
86960
69614
43605
49037
41669
66413
96093
34095
31820
97048
70061
67889
24279
11156
44489
24538
24345
60816
89226
88859
7686
96227
6340
69009
4093
42735
13867
55946
73025
65441
7917
38619
57823
86777
3072
60278
24117
65312
85673
52634
96710
19230
98402
38772
41722
31576
53121
48100
36411
54675
10991
35724
11217
30856
44780
43698
84892
84615
99111
35376
79814
20131
9597
35413
75296
3143
37245
33515
45235
21880
26121
23429
36057
51451
7034
7542
9870
27729
34647
74787
7939
15259
19030
6951
30770
18889
21239
96805
15481
95677
97663
31228
36895
52346
61426
87959
18331
55576
13583
72483
217
58044
3876
65471
74680
77836
76758
65625
4199
12790
63648
11456
97757
16653
77572
88595
18088
55121
82592
50317
18064
29545
19462
67422
24192
1730
44273
15886
23509
40869
51508
25892
2370
54048
35813
19768
99370
12502
94354
69895
67874
46255
92779
68705
95195
12755
32829
27973
33574
47574
94657
66428
98965
83249
9048
79472
55945
78351
14581
90354
64048
98389
16937
5497
68255
59888
54677
48189
52999
74319
97460
38848
87095
96375
77133
93078
36413
1462
74869
33535
94943
70973
6723
45345
53647
1983
71947
71427
13163
83161
28816
32704
49242
45304
91430
89385
64518
98776
42221
82611
97824
88136
60659
13815
79675
60866
78831
5410
28804
4927
65586
63035
65754
4216
13354
28901
67168
39045
94512
88781
12405
2694
90639
74361
79185
27131
81566
35408
12563
48867
7632
52099
95891
96010
16846
12732
63632
78366
65864
29769
86887
10472
93867
59004
47754
74904
29207
86292
72930
66168
91653
98441
43
7428
8532
97793
10650
43282
14882
3858
1865
95843
79673
95118
73312
32431
89008
9792
75579
34736
62221
845
27554
84983
41128
77634
79608
6419
47888
30894
79389
40882
93109
79432
81920
44696
98847
6803
91527
56510
35104
75921
35814
69400
70775
62072
94369
99224
66854
82022
32483
33412
27663
5965
12005
15154
92908
64082
19265
25330
95378
50482
38419
36532
71866
98674
16721
42102
78254
88218
17039
52417
23451
35117
93925
7946
48859
56449
86671
26137
29557
76306
20401
26602
11465
78169
4937
25963
30673
76494
78078
6936
70245
74365
85733
68403
50420
92007
74175
69310
6981
48003
21142
47055
18726
49588
24271
55657
62920
82419
80760
31045
54792
90880
75828
33666
48894
43189
38246
67311
10394
24905
60895
10435
32923
8468
86288
25651
74832
28961
83462
81048
5950
18550
64497
1206
99224
48664
12594
82420
90327
97504
13925
38672
27083
98878
96147
47200
7276
34442
35071
34179
53856
24800
13647
22767
55383
30845
94826
16461
47639
41112
83132
43579
31527
79589
73110
56642
95245
11798
7572
63833
34393
66405
27087
10507
95434
73467
6616
94955
69237
62519
36873
85380
4648
79246
25043
95386
66610
67541
50534
96633
22325
55261
5749
29377
62737
83453
34794
36723
89260
62290
47977
95366
99282
85637
99100
50957
69471
75278
12208
84951
19054
88979
58773
62796
7001
3930
65722
51033
76567
4764
9666
23765
6222
64326
8005
13530
57982
38852
56655
3836
92190
32090
57802
95112
42059
25543
55096
9394
37769
35687
66990
25166
5694
93585
14033
7831
81588
87691
35350
67819
56384
44574
88192
77773
24020
34611
87906
37567
56098
89809
24504
53647
99000
45866
1812
9972
40551
94416
93851
41390
50621
3207
81535
35111
64887
17037
1153
7903
97613
76735
12718
39918
98236
49527
82797
66406
98841
21971
43067
74896
71721
22186
1167
8619
68625
8359
31034
39307
54553
84515
5532
31549
43586
2514
62892
83195
8020
65526
25226
4031
81803
61279
58270
34396
54964
72366
73800
43023
68006
22561
84638
52648
22995
3267
45416
18577
7770
14564
49772
85646
80948
44221
41447
91088
8600
84514
7854
55756
88476
65931
1676
8122
10265
12293
73105
88693
44967
11945
72969
54292
57918
67590
5597
12017
66020
47178
8359
27673
39333
71554
53351
40101
8172
92993
82659
65847
99710
56249
91666
30133
57832
7202
79119
67569
93583
68150
33899
66703
99764
23404
56029
93107
94388
40999
52304
24886
77637
44040
17980
54393
90658
22209
80113
26780
55152
23041
96265
75010
95201
75280
76422
48533
11467
40739
82512
3135
50944
34588
22134
10550
60912
48956
98802
57499
65484
60011
33468
46203
95363
84610
43275
56444
96929
66410
31058
56513
12670
22260
31740
43201
29080
45978
51131
75783
76892
96784
53494
44050
31306
1018
39804
78624
71006
7635
24764
86512
44937
84179
63990
70230
16559
62025
9799
7456
41164
11091
37597
39010
37354
19148
14235
85409
22040
39713
60077
24436
90411
42638
2050
83784
76001
99945
27117
67084
47492
12936
94007
84791
64930
59286
6944
95931
29723
18063
26077
50261
28688
29705
34167
38100
36662
70664
53626
67718
98155
94688
24547
73571
4089
83546
80607
9324
39892
62124
36841
17884
82554
33843
99491
81057
44365
51413
66784
56251
42620
6403
93308
7219
64611
38520
76999
23487
42956
57300
3073
32850
49679
13264
71575
31638
54942
86306
60474
25628
25380
40869
31789
35963
26778
34676
12307
61391
56192
24897
87678
54061
57324
94473
44116
51495
17925
47108
47497
7835
89558
94426
75428
23905
53733
63611
86422
5592
74522
61894
51943
6337
95498
33503
42995
80365
79429
25473
5893
7336
55948
18028
6633
89457
11696
90535
74847
87737
51762
53124
11837
87700
18372
6808
94339
87214
17091
85124
79788
51413
6536
61691
47837
32243
35018
13887
19746
63722
92473
94577
59263
62257
64398
13256
38837
12588
88449
16788
60971
7291
13108
18128
32545
72283
59762
37126
86316
46022
15504
71603
22539
86809
72383
19722
56784
9961
92623
44003
71680
77934
3705
56643
19280
14111
46097
30595
84009
30373
28389
75376
94778
69114
74524
62245
84176
45537
92962
75525
28856
90515
650