90227
99314
64865
97766
88434
98620
62990
82575
90150
43384
26840
94296
94778
9419
32383
22472
57884
11372
17592
97269
7464
16661
43704
80341
76236
40173
7617
51827
46028
80478
64044
7100
91751
58307
93304
56756
58062
1024
39553
53619
58792
10294
85080
10091
24833
7050
57471
59563
35447
28745
37210
16425
56156
1070
43903
75904
16212
28068
11090
73273
3771
69648
11706
26264
89254
37302
69926
35196
13454
41153
16420
12183
44677
97540
49703
16967
93657
11665
83546
28926
24878
81764
11090
95034
79917
25918
73119
7397
68329
16355
29400
75335
38316
53938
96590
64658
47112
4004
77057
50936
38326
86808
86741
96607
73119
29824
43923
35926
394
75179
85896
32541
15740
62381
46578
71660
66383
2709
79365
25812
20192
13503
73669
29201
8120
24291
4928
55551
90546
42881
32833
37528
6374
45113
83637
27298
48155
25738
60212
8978
62965
95473
97524
41526
31777
53702
5632
26862
60557
94792
92612
26254
20110
74647
79737
72643
30622
54702
35932
29658
34967
66691
79227
90711
46025
81665
42191
39406
11342
45027
40015
74137
66987
41277
74410
35431
82307
94933
64350
76172
84328
35137
53383
59129
79153
19446
70364
79778
34577
61967
60215
76421
47612
92428
78537
17275
62437
53098
89029
81614
23542
85186
30194
58053
93184
89355
12172
91406
83349
52684
9886
4399
85207
62692
61204
62358
66064
91305
64441
108
50315
99080
25672
14230
93674
12511
73360
65935
14428
80207
71256
15375
556
27169
19511
1787
48435
8304
83202
99116
51372
39912
62343
451
69927
74890
87204
67114
76214
62488
75558
82142
90240
25352
47537
16048
37319
44575
18836
82150
95826
92763
83045
10527
79112
42048
81171
42777
3947
42754
2538
97687
71067
3239
14150
77775
10056
90608
23977
77978
69467
62992
81329
9393
9186
31414
23111
47068
24850
61329
74252
62070
93359
62665
26363
70887
75226
70694
89518
11910
71753
78579
78904
97617
15183
81899
11719
6864
25945
90233
74339
19821
23766
28539
90276
36895
28708
93987
78978
23715
36354
99025
73925
9589
2143
7734
98071
35899
61058
3584
90224
63850
20907
70524
76265
92338
38049
43659
37424
71167
56241
51475
8728
81736
64040
40257
47399
31503
93910
83311
7070
30854
41846
61941
22442
10047
58049
83619
78665
76892
26598
50087
935
3627
39378
16037
20264
76833
11764
1900
77249
19055
47530
26971
55683
60843
12938
89069
56709
1636
55663
63272
26956
73320
91610
95232
96715
62579
94744
51930
63247
61030
68731
75339
65648
98590
73379
24579
74543
78846
50059
16980
10338
35116
60821
59401
91653
47718
72559
67968
8946
75637
42344
86188
86767
36277
68529
18751
64257
6851
7669
58649
7227
81473
39993
68062
75506
88722
9066
96047
50417
64558
5262
79112
38499
20888
54200
38993
64203
46033
44296
14578
28649
7229
91205
52921
91714
61995
15593
42730
86746
39430
20253
49460
55366
10751
4499
69914
60709
34067
22191
8234
27289
99530
61708
28614
51106
28292
81390
12490
10923
50857
92691
8809
13126
4636
93644
96077
48595
58415
50069
23885
81528
27312
27407
24874
32025
75780
62735
84159
68031
23989
76589
33177
41831
93501
85121
7242
32323
89611
84290
51266
57349
64801
36183
62558
74097
50973
28757
16468
32996
70911
62895
85970
98338
28208
73536
12161
63260
84770
28023
38789
61273
74564
17009
48336
37039
42889
9031
34060
91915
52998
13732
40159
58270
30218
52696
28551
78274
39923
39272
82710
98872
96058
7816
39029
24780
78884
20106
45329
52884
96328
64086
93339
57962
76991
76398
81113
45517
50952
31332
2496
78166
60870
43670
45181
63937
45771
91417
31263
67602
15269
4460
98885
52975
66684
58458
91260
64902
42827
73283
46098
59680
87755
60256
99271
41469
80981
76428
43297
88361
71268
63406
6111
3588
63029
62163
26375
10360
75386
8929
92674
21718
204
4205
68582
36426
79424
83068
59603
97053
78943
48923
67820
55081
87202
17443
40303
98896
72102
4698
75920
43306
10506
58997
15850
96033
84515
17512
52590
58845
17375
69667
23116
94201
26618
95698
17376
97696
78868
27222
64240
33975
39404
26113
10112
64662
8960
84599
21799
53108
64292
88404
38539
85253
59656
71135
30362
90678
36393
17257
99184
54432
9758
50731
795
87140
90837
63975
16442
18208
49551
89069
8224
33651
87470
63272
88027
33701
52370
6168
97974
59506
53452
36143
70378
98364
12234
77700
59580
47430
79673
7806
84347
67112
7394
63865
60432
13527
61495
32124
98386
78825
21677
77585
87130
19763
97572
43718
78866
50944
46545
8181
56632
43181
80493
82176
74604
35796
40569
9740
88524
17449
28932
19522
44140
93587
2207
59756
86286
13703
54063
28418
60419
34861
8742
58689
1914
5095
16860
15225
88072
78515
4940
88678
44472
92466
2166
3490
57239
39550
98160
5877
39903
61088
45775
21622
18662
67317
89749
97494
20442
75130
27988
93820
86090
14665
62795
62022
3761
67640
72637
34299
45581
24629
68043
84901
6620
68678
27871
88621
34358
97476
20051
95383
36872
59532
43744
29365
42234
88549
55247
77552
91620
31397
89521
55355
40770
67729
89827
10108
22867
62593
62852
30207
38789
44320
15974
41306
8062
88154
45078
66717
91838
78159
5872
56765
75298
16903
65787
18798
28593
79666
71104
46846
25373
60764
40293
69697
33560
74984
20867
72323
34600
6924
14469
9343
91566
5876
72216
60311
65076
65738
545
41604
67827
94674
92640
76685
74874
76603
67970
78915
99760
97859
8316
56671
79442
53377
58187
15761
65106
31333
1308
32129
84510
46826
9583
47228
81758
26194
27687
45532
41621
19451
97784
31049
80280
55840
16133
14676
93734
7333
27788
18863
8975
15737
51617
52257
33642
21056
99568
49855
7598
78325
18927
89849
97069
33231
45685
62512
44592
99557
95982
99096
17698
70274
85602
51443
65201
94927
92325
59327
30362
9188
80430
1097
7154
48227
91874
20657
98182
28547
21470
49987
93278
5203
83896
28730
72940
45385
73465
14235
91712
91214
681
7898
20020
29558
4222
88577
58139
84817
88650
9487
4658
1696
96898
80917
28445
18161
65999
22712
98689
31399
15282
8135
86694
33265
27497
47980
49158
47181
3379
46023
81235
41693
55049
84742
7417
3385
23037
2604
38035
94921
32323
98021
54646
49569
69756
50216
87536
77289
83875
18770
68771
3540
44478
29517
8823
36837
31456
88738
93232
19903
45034
43836
27628
8734
84102
8105
50726
32686
70954
94391
44806
65366
54987
2558
90077
95477
81178
7630
29002
13057
64430
68784
57788
31531
6556
55594
70319
74578
61736
65589
45216
85561
95601
75739
17712
6364
75079
95435
53247
32645
13659
9103
55833
86365
7262
24773
46570
25643
7064
14919
18690
54205
39691
90516
88298
81452
803
52477
65167
50063
88305
82347
31004
11358
83398
25021
69122
5932
13067
20864
96913
65663
31243
49176
66417
60017
41842
79676
47470
43073
35951
57306
79102
41719
37255
14955
22161
87193
55706
91213
88673
96427
92238
61173
65516
14112
84727
31837
42459
75725
10653
11658
85379
14249
54631
15662
7729
87799
101
19066
12458
46333
23610
83755
3378
32716
50260
87583
52985
64544
56428
74095
83029
10754
85600
96422
10738
50643
65721
26290
50906
42167
81944
81326
44372
96935
17609
56699
97409
17210
41458
83179
7270
40472
59009
98440
53278
95770
10939
63444
13604
79060
30146
95683
36754
89566
26291
30830
15033
45739
94123
84766
96371
47564
75634
43195
46014
98179
59035
77382
18854
2679
71709
27551
38057
43216
9799
86644
19371
72100
82010
26319
45823
36178
2324
24955
61804
11603
59418
40715
91669
55408
92813
27997
32570
6540
79462
50869
94392
8046
62483
99706
24639
34760
97716
48158
21073
83686
73864
54942
8424
88159
33918
91600
20025
90266
90150
77609
42578
87709
52580
7232
35143
88745
53508
62582
8236
95297
75282
1704
63372
55029
79409
12400
11597
24351
67809
52719
92822
61248
23943
14038
75027
48290
5717
36713
23859
61278
59649
64377
32254
54347
46726
97568
76435
65968
24028
48992
69043
94858
40684
64679
12471
40950
64097
63985
94842
64429
47672
8582
5736
46357
47935
47958
11681
75881
11812
49252
51915
59051
12748
50341
49285
50382
99499
69863
5351
94635
83549
38547
16444
46828
63600
62414
88771
68428
81452
91947
56709
94742
65108
27709
62935
88778
45783
72486
67299
96222
38734
76518
54351
11684
10228
70208
12498
86837
70969
42314
75715
63125
79971
23067
32716
49195
19172
67989
90514
22965
72462
21771
46187
67755
57688
90350
78046
36240
33994
21536
42087
68110
53643
57842
22691
17456
49400
19283
23694
84727
69032
31227
82521
41418
74333
37053
79022
6724
60529
49867
57292
35132
85763
12502
33457
33982
94876
76010
18153
78757
46576
35771
24760
77739
41015
17320
44683
51257
61550
79820
60156
73190
63866
30248
50841
72137
23014
69488
96331
66893
3928
13361
50002
974
53677
71337
84566
52598
26798
52903
78624
51651
29693
99023
19704
24913
14096
2465
85679
22879
62169
8148
22256
84142
10393
9188
23222
52406
34353
29885
18656
61569
34629
93543
9043
41772
99810
67771
30748
29065
77641
7110
23355
87775
94081
28287
17158
6955
59357
37699
72869
8669
90518
74493
49374
81290
7594
14472
83168
32227
69752
7492
49206
27741
24653
56377
62583
63593
68293
83000
57568
62818
76051
53409
70854
67588
39671
45419
1125
58355
71424
46396
42367
96892
56207
10779
82550
38340
89930
8874
30636
37231
92008
46103
20887
77330
15317
36083
88531
84224
19120
78024
78674
46514
74651
49014
69624
66400
64902
69312
15857
45544
10130
85964
64514
31581
95634
35665
3479
20686
30029
5117
5584
31946
7372
63609
33516
80946
48201
50642
64379
42210
16839
45521
58393
2706
66203
66369
51091
65036
71116
69948
14403
83388
60968
98149
95828
96672
73087
65563
55413
35924
25324
68104
72298
31525
15134
42863
98036
29764
53823
72056
52768
45381
52446
40230
59362
72456
76067
2577
26154
88306
96856
65347
54593
47820
35569
48899
1160
42774
34692
81768
16094
70687
5219
22261
71754
6987
54202
97498
181
24293
26790
51581
52715
96157
25257
5815
29570
3714
54020
35054
95982
31463
47812
31563
70437
3291
70791
97257
10677
75285
65083
69122
11104
98376
87390
21528
41716
58526
91311
110
41834
57308
84723
65632
99797
95859
3317
15034
12076
75774
77592
30437
24542
44314
1785
85723
97896
68300
26517
26901
34782
57439
21851
99508
63746
4096
79934
44690
95376
89867
92161
76632
46786
72680
95116
39946
97983
23375
99254
28399
55765
31816
29542
86355
68908
51723
44279
31525
12507
17414
52044
64752
29162
74101
79090
61233
50105
50365
80770
15767
97626
57894
78602
67310
82167
44353
43445
32473
68063
17378
67563
34361
27355
18591
50237
4751
40947
46107
82665
65939
23991
56999
28581
81707
12507
25097
83115
50451
76258
76305
29736
76723
81157
90519
96728
94647
46552
10356
947
85499
99672
3314
78122
12414
66420
50414
64198
63214
63672
23483
26541
78596
98944
75623
84364
60510
3428
80044
12137
48556
59
54716
70827
69985
66673
76467
13017
94194
47210
77096
58374
85537
35271
53061
31369
55771
1428
76027
56596
45452
31063
51719
63411
2304
56980
49059
38287
10541
90298
93899
93106
72691
31084
8110
6063
68624
25838
55633
39965
85151
77926
43497
37127
23661
18711
61824
77815
66871
9993
64399
56849
46412
66857
87625
96326
7333
15253
98660
6147
73501
68067
54657
99655
30258
17490
72858
75713
61847
71855
16658
54135
76137
5957
2401
4660
32711
13728
32954
76756
96588
31195
19215
83515
95904
5835
72872
27919
98132
81044
44935
37153
2647
65928
30753
75142
34116
12456
3588
86451
88587
35043
44496
24016
74267
23238
52315
51820
56535
68992
73631
29511
20914
77523
36161
62961
63253
74649
56808
80021
1953
80927
15517
19914
24853
45086
55117
18265
10201
60383
49419
45786
31298
78576
27301
77745
85995
26142
7954
21430
52870
89744
4549
70607
18006
98138
94656
11859
79872
14860
2864
81605
83616
96937
82508
37614
87268
99333
817
32968
5106
39758
95342
42535
52844
72240
61290
19261
15285
73362
74143
25557
57107
69182
68193
75619
36408
50697
50411
89630
71114
98470
44065
83202
63120
71748
78467
37112
12194
80043
98187
14238
59749
73790
62760
91326
34988
8567
7269
76301
45480
24420
64998
78034
34206
71653
73698
92977
99067
48838
12896
46638
68460
98875
57915
73645
48296
81868
87333
36431
62035
6475
37633
63656
33659
85143
68747
73695
41944
38438
22990
99877
97037
80425
16447
98202
76846
83877
13895
17820
29655
29926
71139
90894
11494
42680
54230
94703
1293
73795
73522
42226
89048
83383
42681
19554
97148
99603
88661
33419
68327
23502
58918
43654
21749
50178
96539
79
66594
22952
61195
73415
23730
33422
18727
74528
8920
25995
3676
40429
65744
19829
53835
79694
90246
44199
69957
3093
16554
6325
46033
12066
96481
23651
53973
83662
37673
56372
18561
59237
36022
53529
85028
7109
61298
74211
15880
10555
21854
8617
56104
94728
40820
74521
7909
12150
93010
47963
90399
60033
81947
6301
27430
64740
54237
53464
31748
48219
66003
30967
27128
79589
85945
41090
59649
19529
4828
6890
67047
39785
77491
27416
29734
86683
8638
57931
78982
3185
45707
74970
97732
78615
64146
32957
18930
63237
3479
20725
56221
42993
31987
47470
28023
65003
57529
86149
12640
29194
78919
15243
43312
46062
23656
88721
37311
94734
60398
66726
94288
72238
579
79869
49624
98843
58211
74807
34644
97813
37141
90567
96598
18978
58693
17241
92274
76566
62644
60858
31220
76248
62814
25404
12885
9075
33916
32349
30293
99534
57248
41742
63420
94919
71554
35412
10683
10945
79393
40395
38753
61116
12810
28136
8452
3765
39521
55604
27916
36601
67884
58708
30535
42868
66723
22002
21095
57719
29759
23611
11322
32784
83094
52221
75147
70733
95084
3408
76295
47553
8763
66199
32914
74095
87981
7884
12659
92532
13953
48810
14994
95293
18288
34995
94809
83810
60493
83283
24874
12539
83124
98209
38140
77403
66973
42701
18234
94877
6118
91543
2370
54929
56821
41977
91792
63996
38911
28568
8253
32008
73211
4318
4941
59478
9897
8159
341
24655
64860
66816
7215
35599
59339
25969
81939
16087
29734
24756
95434
7526
86971
63877
43872
28924
99231
91226
73594
6211
8861
47764
95826
75174
55659
35808
79236
77783
82882
84732
97452
5631
54521
15599
49333
84520
31433
57259
24525
21960
809
74082
72051
62567
80652
31535
87380
33923
49308
48482
80338
92222
18628
85257
88290
36915
64741
94968
38133
6773
8865
75127
65118
80827
63596
18289
79766
56448
99314
35215
1162
22700
45135
95600
1958
99721
3240
54719
30392
51725
32234
78623
99991
58465
20455
1100
35630
41871
37828
55487
84808
83648
48526
70713
96417
47936
82555
74905
97046
11314
5610
4113
38327
78014
12541
86334
56107
91978
12835
89587
58035
2923
16418
87289
27878
78760
43082
25734
34592
61320
66757
62427
43917
77837
30316
22792
61129
24675
99842
41374
13306
47697
15326
50377
71774
91107
19349
23108
85114
27895
11221
72926
87381
28848
55401
98240
1649
10580
2250
7876
61200
68343
1347
49065
19641
40078
2916
24853
89058
58696
12580
99219
7525
66995
44211
56446
98040
67907
58448
73726
97421
77612
51770
27614
26419
54037
83150
60452
14424
41987
1758
54750
86638
6364
10362
35280
80936
59955
55763
24522
24675
76143
86735
90456
19675
30690
99466
81067
85611
49156
41120
84927
70784
89170
47500
16973
25386
54988
24233
49202
16237
63660
50411
9689
39260
86351
70709
26897
62881
38044
75380
1498
8557
1606
50535
72630
70206
38300
58556
8377
63691
49842
56548
13045
22784
16879
80285
58515
57801
11002
54717
23376
84020
80108
89142
65749
54859
95825
17314
19819
7877
92639
10518
64624
56386
32589
65593
8831
20953
15182
31106
49391
44653
24524
32819
84033
97470
13193
18669
78005
61345
68437
32016
71674
64250
32252
54714
66948
94112
35233
8129
13200
79999
99604
27689
44134
16537
6685
33059
26396
82517
58779
99037
10404
13863
90251
24743
39855
83227
73864
21391
89845
91570
8696
54635
14329
62666
99659
6541
37484
82288
29156
32301
23342
46781
98790
7090
65701
47547
50634
70129
37033
60757
95634
58497
92405
2217
7110
75273
11247
94376
21182
5849
11587
63840
86208
58490
61275
73718
85541
51822
4523
95119
39160
94531
29602
17898
64953
58806
17477
29477
23879
12053
89772
40347
57102
3263
87896
77225
88522
38469
40707
98542
29988
11130
68865
30658
44305
80868
97734
79627
63310
80213
63229
65195
82169
56758
36419
7849
78868
84735
54248
43202
98176
97913
61008
65394
25403
8006
31991
44492
57651
24931
59873
57224
64719
95566
29265
62965
86494
31253
31673
14871
22099
13420
56919
75187
43453
20466
26315
41425
89249
24400
76119
24678
27987
55290
79965
81361
88761
43728
72227
51312
54981
48021
90825
46045
3952
78965
80769
41776
86104
58226
48624
28046
25454
70460
56815
87283
46580
87700
59758
94150
3565
18084
13772
65592
27772
43552
85351
38656
13716
73019
62067
52812
60022
8870
20424
46761
72575
75630
87429
42170
5871
1553
82575
42439
60372
26120
17198
30035
86504
65693
90740
59957
70320
27707
39243
39026
44223
76935
67077
50543
86546
55482
80175
2545
16056
73233
64373
41384
21824
88486
95418
14455
87180
68074
67596
21677
46104
22668
44879
14249
13673
98775
53773
86478
74161
22602
80470
60243
51484
35277
31401
90976
3966
23507
64081
2097
5865
22506
76133
13274
89025
42126
25874
86067
31271
25609
32179
85254
17887
62132
22179
34106
39435
81547
1755
17634
20926
14492
88074
94807
13005
26825
64967
94552
88974
36361
79874
92615
19445
42545
56689
88855
78613
2325
27723
33434
36661
52063
68817
42046
37361
87934
87817
82068
97950
44437
71712
56009
12333
33061
56383
18381
84584
39671
46191
80171
20256
35844
53272
85338
66349
80960
27220
89940
5357
51942
55792
76023
79614
69748
54450
33128
79344
92506
41981
12023
26173
2516
44031
91266
5494
23805
70848
34167
62985
33376
49579
1684
70204
42531
2411
5017
25972
5213
24684
44446
73463
48788
7951
68189
77501
24440
34482
82927
29156
91149
45640
6009
33517
42139
93606
56889
5089
92299
96242
35499
81490
23341
11772
15158
25633
67796
24182
80093
87506
1924
48860
19451
13067
87466
45334
99763
84925
13474
79009
46812
26993
13749
97307
11841
15400
95330
64960
13398
9282
28809
80343
64777
15238
55080
83231
44005
59451
18192
74129
55044
99229
20958
50625
68755
41235
66334
29102
17624
92690
42411
29610
83174
51807
89755
95401
54767
15497
34486
73573
56604
4849
63848
7461
38803
71551
96672
24156
50564
33350
76794
98945
45807
12021
93098
95710
24200
20316
5307
51597
52859
71174
98481
88039
82038
88741
29231
45362
88431
11306
99809
24222
55370
34684
91905
76043
91354
87644
82573
6058
23423
12047
5310
57316
70989
15246
55625
68743
79723
86731
67706
40685
95473
79866
67043
33616
1523
31444
40543
18039
85656
85440
87965
48764
3458
4871
94182
5057
17743
25512
85198
46871
72929
97406
8860
35977
22481
68241
57963
44880
45195
2228
85836
91437
90403
28791
89128
96648
92622
6745
89666
8270
43996
4168
41514
86140
5493
9221
57177
53640
44405
10649
82756
7011
74243
82273
81443
75901
49472
42016
95696
36189
14442
1758
33927
25547
24744
71310
18082
30239
85718
85603
46969
47101
89800
39578
15375
763
60294
37930
32519
15871
51823
16990
51142
142
67264
26175
79737
36569
17466
49107
38948
59388
47542
18927
21409
95257
83019
98575
5706
13665
60195
32475
24427
20285
12725
72023
48734
99852
29020
27034
11991
44844
25011
50837
99919
32836
64092
58362
33885
91752
35044
95672
28321
65812
32630
30728
23041
15885
55033
94662
86617
64936
32407
20232
58627
92808
8760
79470
37003
26674
6938
59571
64762
4749
43196
40266
38454
77951
97226
99412
11612
38542
23061
74993
32872
57208
18943
76395
90059
19155
43582
11295
1776
25953
14600
57992
26535
34867
88156
6413
55409
83461
7772
68721
29602
47915
80227
27063
68557
75518
48219
85488
22177
13136
66724
33681
80745
32483
62702
63861
83989
68613
96893
31260
36910
15490
18807
46197
58114
87684
75065
32406
33541
21736
9557
65783
46564
13480
79806
78270
27089
67104
95616
42206
70041
31643
41311
30423
88141
8965
20455
48676
43337
36542
28711
37269
77981
70455
37654
34302
16064
39217
68912
1301
68497
47632
40088
59848
46775
22203
5587
36038
49424
40409
8284
3552
97437
99600
62583
76068
56471
92318
34392
91141
4495
47599
61493
30077
30642
93007
93258
80685
74058
92678
87279
45864
66216
43707
74922
26976
27022
56232
85073
82464
6529
55846
15827
2670
16116
9281
29335
22559
12385
37867
2343
47532
66496
53376
12246
57504
62036
13635
38184
85760
65485
85563
85573
740
52780
73395
55438
45578
54898
93895
5232
60653
30356
28718
16677
67017
77342
57860
56213
69253
77995
79018
40058
5179
58260
38988
50460
8598
44391
51198
1043
54151
54025
85901
81491
51501
96020
44068
79118
48779
52635
34593
95030
60884
74046
55592
51612
33725
87732
69118
38072
15017
8649
3961
56044
80499
30178
73039
15499
78210
9211
85236
76051
57063
56131
91909
86166
80618
8670
61111
53546
43859
69762
95835
1399
55996
28624
92297
70776
91576
31552
88813
38264
43347
11473
87910
89920
76787
62682
91852
2720
76609
57535
80273
7305
17922
27596
1143
42504
6766
52876
91576
43981
41509
98971
53627
80055
19072
93575
41506
45148
42650
38662
69535
37080
37307
62500
56062
15713
99373
85609
49843
49479
6382
18328
74027
12313
83924
94412
72279
36764
27374
85208
48374
78602
39182
68868
46005
67207
11180
87234
78394
23439
65214
54831
32420
76426
87512
80193
96288
72141
50611
58180
47073
20104
60943
3209
11233
50297
56260
64985
27252
7617
5118
46930
87549
24934
67157
51918
33306
50421
57982
46140
5979
69414
89542
29770
74896
35288
28535
29764
73249
44787
67288
19387
52427
33155
90694
47895
27688
647
80674
93097
48391
30438
97814
62971
18637
39954
38366
85372
18627
21264
41684
58946
34354
29603
63321
92880
34810
93366
58589
94373
38717
74897
11286
32237
88822
60206
97349
95267
90365
83241
27376
61368
71288
24125
63537
92160
90206
38622
17969
99530
20343
12890
91027
17929
68638
83033
14458
79454
20433
13258
50695
68515
15557
783
33066
76816
25430
69468
59219
14924
28973
48610
11488
54701
82918
94724
78336
90359
49146
36471
17901
38709
64447
68077
31213
10386
99625
48612
99391
74119
99561
56306
26139
33168
40269
4666
15809
86173
56104
91291
65711
7453
64224
52039
37710
54758
35410
31878
64852
33953
20942
83612
82673
18439
55740
81636
55505
24839
18731
74100
21926
41629
14765
57691
34636
27763
29894
99732
84693
77905
12167
5739
51086
6948
88724
88264
4545
89206
86774
9933
70606
42683
81161
54748
98724
17231
74410
35903
15172
19834
1490
46678
3056
28978
34955
24839
17178
61384
51070
52008
95577
5572
38666
54474
97516
17999
21705
94804
42277
33540
34170
91721
7118
79124
59272
71158
45802
17209
449
97092
13739
70768
20098
30283
19722
43422
31540
83893
32692
8162
41542
8188
36173
79701
77312
80756
62393
88729
33432
45630
90272
43634
95954
97173
73327
33079
47122
93213
8492
30196
31508
59077
349
66370
90419
56120
37574
14307
12398
4929
82913
87755
81248
98991
70522
95027
52121
56309
82603
60906
77800
5847
34831
6005
37645
25426
34365
69739
87164
67720
80662
17939
82902
69236
24759
53570
52483
54972
94659
22731
42959
96960
81612
5987
12899
22429
54154
91504
64915
95103
72295
59718
30051
21050
5132
32034
74765
82919
22440
97770
99965
88304
15930
82464
70078
90326
88015
4451
37543
32606
18779
69551
4451
46163
5425
92072
6219
83328
4262
41236
93567
34244
73588
4831
67093
3734
87756
38550
24376
7160
34265
10316
56988
63450
94990
32918
763
26446
68232
82661
11349
14660
41902
6750
85528
70930
19801
56601
36097
59440
3671
23484
60550
50350
76394
294
80269
70901
92041
10478
42620
75327
70298
62997
73657
73063
81388
40149
45869
67586
25075
67671
32287
16087
17394
20521
58612
79147
33357
76433
25480
840
35061
83495
25563
97617
36036
67915
72713
14798
3704
6556
4393
62876
20147
46191
49112
6365
877
96133
86340
52447
83871
34799
32290
15625
79892
9772
59028
88353
31109
51479
16737
47837
34135
60793
10533
31719
2882
57564
48122
95006
6927
9797
96938
41538
64518
33985
22038
12896
29470
65520
79349
82992
88635
65835
52280
6929
76570
56324
18953
13142
39961
25108
95339
25100
8316
4166
51566
39040
12334
46724
21498
2505
5962
94629
96431
21518
89413
44514
46255
55671
62125
52265
48394
37796
38438
45583
5692
77245
89670
86033
58886
26134
24589
76090
33847
77142
91116
99100
84780
13004
90141
11065
48053
13497
6980
71288
62913
9785
62278
3697
73632
44530
6882
55314
25592
48947
47547
58697
89215
65044
55071
68417
66880
80389
29100
88425
31548
79684
85690
88682
24611
63764
37690
3059
64817
79399
2197
50840
48078
78390
47389
83769
5772
38268
69288
68067
20958
70655
20808
52197
17736
74022
21194
63190
857
42962
82272
53799
32649
58346
34106
65361
59231
37403
92123
1928
39913
52848
36959
372
86770
78959
89836
9939
59168
4530
97272
77244
77049
994
28434
27797
33988
37981
89603
13897
90400
77078
81789
88259
68248
97092
6789
70227
31332
2288
57214
71684
36252
80715
52932
4712
93449
50134
55193
29451
18514
11874
46068
27353
89750
7946
51160
77220
83612
43701
10967
49236
74663
90008
91657
69909
86048
19972
44890
57712
2108
75680
26233
12644
9867
95204
15076
85300
41283
9007
60868
23465
12255
32795
50887
92173
42287
97110
93784
6227
53632
31987
16626
3221
57858
72347
16447
73329
32050
40676
17370
8235
64677
41793
29192
95458
94176
23578
80290
64712
5815
90690
41206
88566
22459
73554
35873
16009
96209
77356
95399
31470
81467
30748
88283
88394
16392
90354
51704
33551
71175
31228
65790
35345
20967
2331
65461
80617
47647
23823
94509
96628
78973
77681
66207
23521
55167
26787
80378
58531
25916
14924
5148
13419
2003
72941
36365
32315
94031
46018
84304
26184
34360
40298
51718
23567
28684
31586
6310
12134
76825
15129
41715
49620
7677
9445
70721
31499
27473
33745
8409
60383
29455
17848
47997
91066
73579
52223
97995
4444
21441
52565
17900
61925
53213
32778
81467
22952
96511
41716
67006
75047
111
87777
68117
19681
75977
54935
57271
30888
47005
61407
51035
91120
23729
18398
77301
44769
78684
84494
24042
33984
11241
29165
55452
5225
39706
25050
70844
68783
97629
25089
35093
97868
16624
87936
7183
20972
29803
74160
39585
68360
10817
82663
34514
17971
51314
98477
59873
59497
22814
64332
97199
86269
30254
18495
22878
88854
59361
61594
51425
53359
82532
3737
1992
95930
61133
87114
99875
52748
82834
27636
42329
85845
75646
15462
41515
62730
67010
51956
12432
76503
60293
10322
40274
32666
87171
92258
65494
25083
95114
13473
75355
65633
40877
66562
23259
55553
3127
31686
94022
23378
40278
50367
50054
51086
53965
65495
31146
15367
70706
14983
68622
63692
37971
9123
4898
55300
82246
30022
96738
78917
63112
40101
66326
94386
65313
69536
21924
36165
50915
76894
51304
24878
28953
39226
33029
65823
19158
43634
33701
72142
43718
79286
57901
57274
69084
40381
52449
80830
53246
81793
86381
91962
31504
80823
76869
86261
42141
76254
55026
98824
90480
33103
17595
131
34415
40510
93325
31450
53081
52596
66597
67646
69525
24094
27650
96525
76400
7680
23333
39546
22576
67898
93348
50802
8523
85079
64
24272
80202
78782
22343
57918
94552
37444
28097
40157
6372
3996
67321
10883
11316
26948
19311
99987
12653
4708
14788
15233
47325
91858
4526
40300
63477
10344
32904
51256
4347
4270
94275
96385
74178
48334
58087
80687
53429
75081
31274
95083
90935
40940
53133
20093
43257
17414
22497
76991
89831
43736
395
47179
87962
37878
13434
8243
70275
2265
94141
88812
73153
4539
45488
83791
45051
59427
63421
68322
93792
10623
45461
31684
82489
11918
36446
25424
21241
80091
41613
69185
9543
51964
56604
58559
83554
37118
83207
38952
38498
11858
92909
97116
10853
15025
3849
56217
89935
93541
70275
82455
36256
58120
95375
3386
29968
31349
66875
46050
53246
95935
4704
1684
87173
75056
13539
57453
93407
83580
54049
5231
7400
58806
14105
45185
46390
97090
95642
28456
20333
12626
57925
10561
57956
78707
73978
68485
48747
84252
31453
38186
36256
93652
83689
69603
18140
4443
70105
34665
87805
51582
50092
96805
85426
74768
68344
30858
60317
77079
18338
46686
33039
84272
97617
59822
60048
36230
72967
72220
46676
24637
2738
48432
41456
71051
66871
29168
67497
67003
79070
47648
77119
37780
12092
31463
49243
98949
97579
97331
86005
65931
85702
3494
22579
85069
98058
10684
56177
27212
68503
65480
63256
13331
15546
73918
82804
37790
43120
33664
15633
43774
22163
65466
53433
16917
72760
7656
99959
34163
78614
38947
14531
45148
23724
47747
82315
85064
69729
48414
11150
28556
54956
15706
57146
88515
86989
66812
3759
19790
92972
74911
61685
71668
81318
16602
79803
27606
22970
41248
18481
70614
22192
35659
12154
52681
2271
9927
28158
18427
82241
88216
74093
70599
81764
49324
391
68453
85202
23488
58807
50854
48110
75992
71129
41298
79106
75440
63304
60272
39092
35432
71653
79636
64704
66394
62992
63949
16569
85349
36468
17161
66931
52410
47744
70868
95915
90350
88240
86236
84353
61889
74929
83661
96133
50514
57009
93280
16339
59867
75504
34319
16409
24228
25413
94220
765
32371
68884
66478
65231
10985
54840
4509
56371
23159
9396
58932
78057
18475
90032
30133
54668
12150
4325
86576
79018
4288
55839
72895
91394
56234
4594
97735
39893
21940
31563
45686
63224
2143
9396
2325
71553
70011
92672
90794
22568
78838
15695
72952
60820
45891
47417
65224
74013
59468
15087
8725
95479
79168
10338
6054
55601
76120
28216
27715
57867
41531
46313
385
63363
7765
93167
36596
13922
75314
9740
45783
51949
40658
89044
57414
44205
61621
43374
12068
98746
26636
20886
53964
44687
13352
66904
5005
17425
27301
62934
27198
6848
48813
51761
24031
3361
213
83785
76692
9006
75785
42344
78953
86271
31039
28746
57319
96136
37591
94138
90705
9562
96230
66346
29822
42779
22547
40098
10795
4656
1126
27438
81219
22908
99632
41133
73977
32759
58776
22349
8880
38723
79409
48947
38739
4298
73659
73581
50876
4650
18847
93167
54885
48285
12818
60907
94263
99586
57917
31921
29486
97921
85045
19275
55711
88180
45156
44220
74758
91281
27715
1869
65431
70819
99084
78198
684
44841
89705
91148
52031
85660
46795
46849
28774
4721
61964
8912
81513
15602
29502
72331
53479
39802
20524
73633
49511
78197
71663
13206
80333
90442
42980
21205
81054
76169
90386
30968
31528
80736
77967
12905
34126
15423
74239
87826
14778
32708
88631
58990
57458
63918
91994
55905
91014
30078
53514
64892
27039
67219
68683
65237
61149
17388
503
80984
23894
22529
57099
61174
29896
2948
55070
52274
71387
59276
65563
97685
70967
55301
53898
92435
14365
57812
36311
38085
38623
47700
81431
54063
56974
1696
16076
81805
31050
54640
5346
92652
64265
82529
38182
7401
15901
15042
54610
16058
48791
72056
9942
55374
12319
35686
34203
56837
99387
51331
23456
26647
67827
17957
27008
64176
44152
89066
7941
4341
78181
75673
79513
40584
98577
86973
7488
28219
37182
81209
69119
44661
74521
58410
86495
31789
23619
8250
89326
54324
46193
11925
58228
28370
18138
75022
15229
91438
605
18314
19210
97101
69232
64044
78673
8237
20120
34922
37517
62863
50436
99034
63928
25245
54203
21375
21244
67338
60159
51581
44664
3588
67973
26339
88310
86268
26247
44622
45114
66613
35912
43530
70318
87660
46467
20982
19942
67469
80991
55431
67894
43751
88957
82036
75032
40461
22313
73225
55204
6748
61297
48794
54811
87438
56840
87839
60093
10414
33263
17075
50401
7126
28124
33400
20643
69538
49366
67080
47852
19331
52634
5544
41987
77515
53753
18286
63884
59969
60136
10760
60965
7605
46664
9143
32407
93075
11897
73390
43247
86540
87586
47160
54691
34907
81718
7559
80780
92344
14186
4000
78295
55597
11781
28652
6183
58371
94778
30337
91672
95868
66317
89362
52959
92249
52331
96867
3447
40825
29540
77240
76044
69695
53060
27933
37937
70965
30035
66072
65734
72442
17135
67317
43999
55250
28155
56840
56430
2362
97403
57228
90679
54564
5897
80165
58779
5274
78527
84137
85023
10406
17029
28596
70652
83361
57485
23830
95280
21900
54851
10746
81452
94439
61447
58283
75524
57124
30380
18117
55939
31758
68489
83268
58964
58259
84036
75044
92714
66463
84881
30123
65820
89387
89047
82365
58092
73432
78408
17100
11219
56257
95899
15404
42954
32105
28273
11778
95804
49781
2293
65899
78467
57289
67051
83576
50626
23529
81059
64334
19945
6455
60036
2943
31920
77198
24370
56354
50319
21645
52564
96024
38137
86981
12613
56717
24922
5171
56501
87831
92754
37457
44181
8756
3473
4417
94350
15153
944
69462
17909
23519
94355
71512
72693
91821
73407
20687
62852
12629
57094
63077
75382
37042
9802
81611
34720
26481
61801
37459
37822
27114
54711
33332
1796
83690
39516
43583
20682
92781
4855
99928
26314
64074
33136
52986
52162
97087
13806
87879
6173
75766
62526
84340
25990
63324
19177
69919
12224
35470
81333
49929
26408
95622
79115
81745
85768
29602
40441
22467
90658
66181
70912
86625
21803
46452
6179
96600
20806
76020
58095
27712
313
80838
1636
50713
99231
29060
35643
97607
75781
90851
99082
11464
80282
55941
3330
50519
93171
98350
92844
736
72415
40747
28037
11911
75686
69685
4148
99167
17791
55785
42578
29512
19144
3305
55580
43931
37931
57085
59832
67170
55575
76539
26185
44147
88937
40513
11888
31683
87603
30333
86923
79685
88548
60099
10142
99114
3688
89981
21429
59833
56320
12881
17376
22225
73374
95662
22489
3204
47548
41713
70026
35948
11770
81873
68903
97234
5672
87384
44972
26365
24408
66911
65316
55732
72203
28131
98130
79315
1122
87236
84290
68962
19849
4546
61985
12700
70380
68094
65095
44761
68855
9830
49530
1705
30089
46584
3348
71742
5913
92040
57358
64758
64656
39904
51761
32073
30329
95267
70668
86591
11273
59202
45385
74550
23760
3056
90454
98163
88210
10967
41407
60502
70150
87909
13168
27854
82411
9975
36686
23515
51056
64465
61397
64814
23384
5577
30587
96547
49360
11189
68835
35471
31369
47809
44813
69983
42512
78112
66042
35550
41058
83700
44627
66048
48891
74666
90235
26092
81780
82276
32488
98924
8091
98282
11445
29104
60546
2276
4882
88823
95338
30850
94918
65155
11989
51203
73049
39867
91744
74212
8171
11349
67017
58978
78516
35197
71417
15752
59915
30580
54526
32081
72741
31166
49172
22745
7708
83411
42861
61371
14979
58164
65510
29504
21600
40664
81565
2597
10444
49744
69647
91337
5918
64521
62202
1979
73826
69600
37803
33342
87567
96468
58146
84765
14691
17151
88356
11501
70646
12813
30425
84180
12513
31864
2768
9497
70758
73382
14777
79211
92871
68664
61910
24230
42031
92696
77391
14229
75756
17018
41794
18435
14373
34249
33208
20036
27444
37341
51065
66323
40782
18390
1758
33068
48918
72372
52991
54298
90497
25131
36394
12986
29834
1853
62173
61414
92667
42807
70170
47281
82628
53570
51407
60914
18297
95439
73001
26135
71731
15647
7698
2201
55966
19434
19472
49185
83842
24844
11155
12314
62247
16485
5876
66404
44013
58783
27019
78420
1758
90379
3502
72951
93665
26903
51266
21130
53557
59690
69806
45981
61715
79384
64327
67098
31620
80008
17122
3017
66718
36625
9213
20253
8033
85751
99878
18864
53537
54251
54203
95531
52193
11632
36172
89762
77236
77934
68156
73046
78246
29366
77426
16328
15111
3624
76300
8361
74896
75399
56722
48251
99341
81811
25959
30283
48473
21003
32748
95424
15326
30679
98795
16477
28286
22147
12518
73132
74141
12023
17118
97837
81233
53839
19128
61109
89104
98732
92107
68149
13408
75802
84389
41007
18179
55564
9372
64443
41504
92498
89311
42431
13570
25108
38338
31173
68623
4587
59647
15039
33805
24967
48159
90761
40463
66038
89310
51111
68572
52337
34829
83574
2305
4486
87554
39385
99948
81104
48579
51285
41985
57398
5631
8334
73015
44598
17298
99185
72648
75959
27423
33663
18101
76820
17744
88680
40811
69845
62322
22270
74449
44391
10480
24518
26973
20483
88887
35846
57491
11299
2339
54769
34978
66954
52646
82510
43079
38913
82982
52145
40896
95292
66973
44024
62632
25914
11258
76353
81604
82697
69784
71328
77747
43029
62988
59976
50703
14286
99814
44038
32518
81970
57881
54259
62574
39624
65207
81052
10171
2097
80280
29579
41823
46184
34342
50384
74907
2149
26940
77852
46790
76942
63576
72373
28335
84290
47382
3167
67717
20560
26389
89353
84709
17098
78706
10246
99848
76091
68789
92734
85515
18862
98441
98942
44797
59873
12329
75207
13638
99565
56452
88648
80072
24595
97178
65603
1239
40003
76783
99274
73876
29996
61407
41089
96956
92677
64296
44205
42724
58121
21582
56381
50385
73545
13094
10505
31183
20046
11306
65138
85163
68578
85963
92128
30242
46042
75641
83891
54439
40302
90252
78510
13481
93734
56816
99511
65359
65154
47760
66327
83739
41960
13205
55401
16716
72892
80841
49933
92530
22904
77358
94484
58983
6179
7804
99028
91624
46519
28657
73254
54867
44947
8425
48438
29279
84079
76944
46326
85914
6407
62946
7459
67866
70175
15354
55848
40612
84792
55963
5879
12794
38262
76636
52943
87037
53972
59533
23889
62233
60597
31184
4944
1284
59711
42931
76063
78939
50456
72003
35122
85030
83575
23774
62473
49338
41861
19727
77234
20467
31624
63425
41463
71934
39492
30997
92314
41694
5808
75858
79066
88548
90909
74014
35616
72310
84840
32085
10528
27634
31418
89692
12256
61670
27067
32002
91525
68161
60840
65989
50575
35747
12363
51062
23532
70421
53241
22924
71394
87626
39779
52557
14570
72050
90036
42716
22192
80068
6463
96250
16656
21473
95251
44902
18839
17758
6590
87771
34549
65594
72775
58370
3869
80703
82192
63716
27009
2860
2025
33903
65475
30555
97521
20105
80365
32246
34874
36753
82414
54507
97916
67282
67585
79544
82772
26626
62555
79689
21581
36642
59278
14158
90785
60819
39846
1405
78493
22468
4709
33407
74216
4859
70571
65148
5449
27371
51104
51131
22826
4114
50382
81384
80335
32715
87940
69291
80730
62801
40842
74959
65097
53067
53563
91638
88903
83296
91092
73441
56525
91858
82061
38164
46771
20515
69270
43222
35333
26995
23217
78339
57281
22118
43823
36794
39282
1493
95498
51466
71531
91016
68390
5236
75242
22332
21952
90344
62421
32050
14762
74308
43552
32088
23497
46326
16451
42354
15354
70588
14168
70268
34128
76235
73606
25032
1873
68642
99091
88088
88133
27024
73537
71424
74146
17510
42406
27042
49941
756
27903
94310
76542
57435
71660
43465
87322
98975
55371
85798
86716
95848
54750
2781
20222
89479
12500
582
24728
79579
81349
30292
70611
55798
37159
14827
84142
94019
41576
98793
4170
90914
24958
82342
11615
23315
59441
54330
27094
21931
23882
78139
42141
50497
67762
2390
73866
95422
93087
16805
98563
31975
16441
3097
27282
34254
8187
63146
52121
76573
50706
54737
32985
43503
80597
57480
28394
59056
83491
61739
93903
84257
93263
12710
93699
75742
37
12215
1782
51568
65003
143
9183
13892
21802
76919
39974
98761
65743
69552
25115
64121
38028
6922
54852
35345
67445
95062
17005
36597
53101
2156
79662
42621
46798
16091
99388
52928
3326
59643
23196
6315
94386
40876
86732
85697
69715
61412
62291
63898
11315
47949
78581
71747
79958
60758
14893
23607
62122
30030
46079
24321
47248
54476
39813
48828
49152
6183
72431
58531
62683
89831
91184
44914
51597
98651
77122
18467
837
11930
33970
60453
12743
73299
61660
84253
32470
88649
43095
70283
42805
69895
92466
21514
93529
69555
32001
24707
23625
98391
86955
83454
3269
56335
7649
94628
20627
24076
9946
55000
51076
66503
50481
38710
15904
5185
63231
70259
81581
50481
7836
24362
69856
60258
76123
93423
69114
46700
38940
22503
23932
87117
6869
43341
65715
22507
80622
53191
97347
66901
32292
61374
24403
79140
78655
55577
21026
29530
82511
29323
68057
3595
15667
70146
66694
51673
26450
79728
26356
25269
92039
82099
15939
22295
53556
74478
38785
97015
70712
4615
6100
45004
79339
29944
83395
42829
49674
65744
67950
8320
7518
18051
73564
14391
9185
87175
75471
57653
83486
25465
51840
59671
57565
14470
70610
10355
39928
19465
13729
74265
16596
69891
79161
57441
51459
62211
57628
46904
79207
56993
85760
68555
36438
5832
64696
344
35475
29377
95678
97383
61344
39643
31067
18507
91805
25223
85893
53981
14132
52383
81144
11236
11753
55017
19399
39207
38252
4118
91719
66894
30825
37420
48056
75946
72583
44233
92585
14066
81859
80988
52822
77025
74500
2094
78400
44656
58890
56004
90884
5575
68064
27922
79123
10230
61364
68364
81100
55794
27864
54455
3798
8972
87942
7089
40890
47065
4923
63504
69977
69355
69109
96220
897
1400
19582
24589
81897
15273
87421
62323
57444
59741
22159
11948
78557
10607
55811
47418
1340
42031
55533
14053
96005
98282
25003
52912
62367
82070
66543
18832
15753
90442
37637
52092
29912
78858
46014
3238
62827
21516
23733
36742
48924
60838
41350
64218
21067
85566
53632
29400
12330
78754
32369
76548
92245
62912
54005
91786
85395
87142
68492
43845
77875
7633
63215
24264
3176
46866
65322
17308
11019
1250
87658
983
1919
81891
94376
41174
46178
87099
45795
99691
19115
83116
53630
22749
57500
74002
92666
80684
67021
38572
92092
68541
57480
36625
90139
50099
5283
92172
8002
72867
57730
42907
93024
90937
78794
78712
9009
34409
65608
37969
6866
64351
66056
48494
86403
38839
23077
70457
35337
56121
95846
458
77475
37374
63337
45423
62177
7700
18927
30409
54709
16045
37435
99694
65619
37993
10642
77072
15619
2779
87796
17603
18104
92151
75763
55831
26641
41121
70097
89549
67232
5896
78801
11211
54207
94237
67962
24262
34668
19551
51807
48429
20426
8750
30040
72129
66580
68884
71967
31624
31118
92800
3041
9803
92325
34543
60556
31644
19532
87098
5742
97970
47180
60100
72986
99866
89850
18322
53011
25394
19477
20039
67155
46559
77138
30016
34171
72782
23821
21797
64745
81206
70476
54288
60203
19665
64515
7082
96654
54311
10403
36065
91039
85731
21536
69857
60614
78136
95912
40856
87158
15996
62994
12793
38213
44281
80369
32001
70623
493
24973
84068
884
2336
27644
47128
56886
82750
92879
90081
53893
2836
74858
31349
93184
77812
72705
20174
51329
33637
9122
43692
6598
27124
92565
12155
36843
16220
60735
96999
43271
91526
40070
10643
50383
76682
81613
72593
59833
54422
18221
71091
65201
44899
8934
62500
72167
19954
43176
58150
23536
66697
81011
35288
27172
25625
77296
10542
45137
96413
33613
81809
88602
58526
45629
12126
59527
6046
57177
81214
79092
62001
25918
342
14727
87625
97441
23784
46333
30588
31836
67985
85895
71130
3772
98783
6913
27614
24898
73656
57910
41827
81206
94524
80264
6431
60271
15418
91677
7050
9677
63407
50983
48012
39782
63742
72999
75537
68001
43934
33877
68613
89170
20930
21363
88955
2538
52620
32988
64629
54722
62899
22887
42246
12077
87428
85095
25971
23962
30999
19726
52583
25945
2245
60174
11296
29132
70686
7767
28550
49580
57375
18375
73920
78308
99914
41392
77890
99126
72717
13405
19690
28179
57499
42171
32348
12065
82096
50433
84081
9782
2091
56123
54495
44266
81767
42311
33236
39250
86850
74854
45687
63862
28278
48071
80425
86644
38733
12237
99499
85055
45336
97009
48656
31643
45930
74440
74979
46999
45341
81049
86294
32943
41178
3808
93395
92887
81729
68441
64202
39532
20264
17918
32691
13340
29617
76325
34760
89306
25583
82423
39863
32789
94239
68180
55751
76506
46386
42718
61947
39967
85661
66103
55203
93981
47971
38905
85387
70691
61146
26865
52709
89792
40331
5666
89072
18484
36605
14926
34497
38958
11065
54830
57170
64088
63767
9808
66100
34737
32030
2396
1565
68710
85683
4931
55870
14470
22010
82255
52806
72296
86208
31428
74860
893
70263
47508
8530
28507
37895
72441
94035
67587
21210
61158
7951
36016
1747
84692
86093
50844
67380
2823
67799
92079
75853
73006
39963
55076
86277
16126
16298
35710
55482
40337
88836
78582
63138
24217
60871
84124
7117
28972
29788
5530
65772
2087
22840
41141
13000
11716
11776
67015
67074
64725
95964
83553
53960
22718
54078
48313
49074
55990
16321
62643
46680
29794
16711
91231
10235
52881
57294
72597
84946
86799
74262
19612
20369
85704
72913
49572
13283
66712
77806
99969
4991
59038
73709
31551
28687
49667
5047
58643
78142
86376
8434
83247
24197
10833
24230
74631
12914
33322
86370
73189
93813
9688
82224
83059
69984
41015
35676
18598
2576
80206
67566
16707
17410
54685
692
27307
34569
68764
74926
60692
12581
39537
52525
90226
48657
23190
62729
94107
89779
23142
29161
53733
90751
99905
36437
9846
50263
55961
96181
52743
4669
73095
32914
68870
40687
12318
16840
8634
69448
76762
59293
16321
81998
2784
13570
60489
76635
81628
79312
12086
71238
84624
56689
21336
20003
97277
27763
87837
13380
76704
24154
35613
74586
8121
80095
93963
43984
52988
28608
38938
88766
42230
37737
94147
79369
9149
94834
68860
32188
27784
85656
19036
65337
49772
61959
47124
90941
97575
8661
42034
48326
80683
239
96744
92641
42060
83139
80230
88087
56249
48632
39256
48183
76665
27614
80483
10564
45908
9090
22368
98158
75435
30108
23467
13286
79753
3910
72855
62631
14939
53596
77105
35077
53021
36841
97651
14678
76243
90212
17680
60522
94614
24174
43840
27163
45934
94861
49181
51812
54576
60019
93662
59797
49746
82996
1441
22634
59391
94648
32603
91010
6240
80729
81227
76841
3310
86502
67574
93062
86873
87236
93707
86809
47559
89639
38197
28500
79107
67704
18800
14383
19158
58884
27917
70119
33287
53936
27201
22184
47038
6904
24480
24139
86131
15430
20717
72008
70347
40920
2396
58061
88052
43521
98055
21807
62097
90782
47231
61159
41152
15669
41410
57703
27172
27933
45058
24725
98497
41246
23543
28733
89523
68464
40970
35282
65588
94650
9488
23193
73978
941
17974
42290
32639
87553
84923
46303
49030
46555
53157
69248
18580
14739
84930
27961
11547
54609
17069
4337
33888
36084
30222
65730
63491
63998
35816
74304
73270
83454
75769
23075
53906
58835
63326
10209
64571
90272
48589
73586
75830
19703
83083
32871
6275
53825
19022
30509
55687
61036
19
80103
93752
15712
93509
39900
53149
53486
73102
49648
88213
53403
1878
54962
80603
36874
45071
2884
23037
1208
71641
48286
80243
42734
24157
979
55955
90586
45245
44076
42585
42323
230
74748
13012
49643
65319
97739
19193
37384
50332
28201
74651
12714
2042
11923
17702
36843
97589
9921
34968
30450
68232
5625
59549
86481
91198
36619
56864
60716
12690
33753
53041
99919
31318
80514
57678
61831
12747
11148
97852
55433
8492
58300
13014
24998
78572
92282
36348
29612
87038
55004
76314
88060
58370
56275
31959
73868
78647
63734
80924
67463
39443
94028
51214
2921
78905
45662
45974
64878
98372
70952
43433
61838
72356
8674
69290
94372
5614
23256
58741
88595
98249
13059
21490
96887
15381
50254
23538
40093
2791
58366
25062
89896
85360
8562
75068
95497
51443
97771
2171
45005
39168
59194
86743
55903
45168
49627
22117
53216
11503
94177
95993
91530
13840
26666
66057
23330
28153
73566
51638
48871
50567
83314
79627
66182
93115
86151
88211
61664
87316
19032
30138
88247
75965
59643
26716
41337
76999
34690
30863
91657
42232
41033
82101
6315
83254
1852
29382
4674
48714
641
12780
15633
2723
55284
96502
50475
33285
58101
58220
72317
19176
5793
53485
84060
40568
98451
27101
49888
76226
26339
48191
82063
29024
18839
92113
7346
71332
51868
40448
76394
63440
34412
24393
23133
84179
9558
29255
3100
22706
34584
74747
86312
21199
4951
19948
2316
9535
64751
88964
71273
60876
13496
2092
80221
30481
3252
53177
69270
22209
41570
7303
58352
93964
63208
40149
81832
370
36509
95177
70526
95114
67424
7188
83565
50420
94584
50967
80737
55429
92054
73108
35037
53763
88620
72931
91193
67207
25692
59675
254
61131
17400
1217
99177
78631
32630
89267
84892
35444
55894
31133
10919
38937
29961
96384
76515
73545
69209
61629
94910
53119
16197
74186
68016
69757
99030
25179
20655
9852
79344
58436
8506
2871
28574
80771
63453
47850
65920
93658
75877
99894
79124
67684
25800
9633
1565
63557
9475
36873
72980
44752
46041
49312
57247
24262
36028
43439
19646
52036
82505
48828
38614
68785
80506
10455
29093
30416
65225
99393
94130
47582
14389
83430
25376
86840
37918
25874
49995
66873
43583
63728
69074
38804
64247
96193
42335
55908
15360
27981
48678
74042
36279
95668
47022
69325
94593
73611
11790
7536
13474
88136
68861
88064
50964
18790
65945
4766
77218
29849
44716
47820
29712
84360
45191
41527
4888
56238
60958
11043
3219
32863
69555
74129
10230
92205
30398
75816
19130
36164
9423
79048
24270
87819
93163
6428
99857
75043
71898
34783
5382
32523
49171
10901
67933
94794
6858
69051
62195
51739
55608
15293
58698
61204
96714
4116
99323
66466
28684
16014
10701
89366
88755
416
65020
76458
79973
77749
71176
25061
61230
27217
11647
31426
66478
81767
39928
68726
41058
38197
19159
29760
53266
73204
53309
24346
2738
59663
73143
57251
6923
77594
5018
77573
17309
35318
63215
54422
86814
8828
50796
99298
84967
65656
41634
25973
89334
51583
40783
58952
18178
64962
12987
40693
32115
72619
17383
38898
59578
60691
19607
40168
5471
40395
37636
13673
10105
53974
87805
94254
28173
87617
59987
57096
19686
94695
40457
91359
59760
26737
80121
79417
89563
94095
45294
89103
84777
40305
95780
67586
3894
90890
74495
45990
80536
50691
68179
51703
65347
12400
6441
26343
35640
95459
80872
39462
15990
84707
34245
61564
74468
62853
34893
45286
55466
94426
75207
42873
12510
98267
49649
22141
54835
36168
3122
34364
48732
41070
2964
48555
96489
47874
36130
27200
87904
28073
19121
72283
22291
11644
65821
95938
32664
81142
39929
9446
20654
79583
86550
49555
23324
11346
57416
56142
28883
57123
24258
79845
31494
38857
35987
79347
36405
2051
59887
26832
67732
29403
39939
64685
6221
82725
86820
73040
98514
82951
94522
64661
9877
77322
16425
62169
46567
73276
45373
59612
5949
12617
12774
5666
80690
14249
70765
73576
21447
99987
85249
92300
40683
29410
20699
47100
66735
3453
99247
99619
20342
81962
72288
70139
22889
45594
27274
6246
1783
98732
90352
27108
5526
28555
28332
41265
4181
89236
5221
24367
58536
93360
15659
63866
29974
50639
69915
59699
89532
2905
15391
48168
8859
94356
79078
36158
97830
14898
32568
14527
86793
16132
21190
77833
37001
69559
40733
96268
39497
32137
53192
83710
37451
61551
16930
16898
1638
20479
57360
55586
68816
47033
71400
59650
7161
30753
50763
46796
50753
83779
85207
38008
62587
84478
33047
57517
76922
68805
6960
36923
47936
33778
45042
76613
99284
34707
25485
66098
41409
43660
5212
1013
79581
93536
8099
43732
97693
2577
40824
82365
92207
8230
68371
2005
991
17758
26361
28635
45481
80443
26919
75113
57751
67901
65007
33931
6983
11836
14676
32345
94039
20112
43476
5375
10875
39340
81074
13973
3845
84672
36263
68622
92968
15903
75016
78925
4430
77324
40318
81226
19620
1340
62060
26000
11287
32206
43752
81422
47819
18988
45537
5110
5009
55420
21674
83365
58659
4171
23569
9953
17493
89872
73736
17898
2178
92717
69284
95663
93607
84077
58749
35329
27223
45850
51820
68867
68363
30091
82933
14191
3360
7314
97795
28426
24823
55412
88902
2241
40977
50300
12782
713
48068
23491
22534
21470
41632
48280
56911
85466
85257
72791
80016
95214
27038
57396
35003
30870
34881
11618
66492
39612
47222
50902
5840
7553
72494
94746
94650
12481
74851
56452
62328
61258
37639
78112
71932
95825
36640
1319
34895
1730
61361
88017
9794
30691
3263
38029
81575
60464
65794
85579
29465
32332
33167
79605
20294
85552
56652
23795
36455
68648
64007
23574
94256
77564
93485
14896
79734
99545
81578
73933
72976
81894
38564
86330
94838
57626
14836
66394
64067
68029
86830
86898
81624
652
32319
49155
6787
98090
65630
51397
96263
48579
99042
40899
52684
63172
31834
9911
65578
30736
94750
19480
26684
62527
25361
63920
90430
39735
55424
27004
94997
29693
87354
16167
61529
24431
86789
38859
52153
95177
87826
59597
43760
84063
58223
55779
14119
34278
70098
46967
81118
68735
41978
22062
16163
1723
40061
9986
38184
26760
98429
14144
35306
44857
55248
98597
63531
27045
22448
54261
14728
89516
97397
90584
49382
14516
75725
38262
35810
51980
85028
41267
69465
76194
72031
57703
76834
34801
93725
71919
50444
48462
13854
33535
13983
23426
2831
57901
42139
92186
60626
59293
8703
5516
18741
98876
2638
44573
13852
62664
61100
24656
41591
53389
51672
4462
16400
80600
803
37583
76222
22419
76939
78930
93644
57869
18056
85749
11631
29515
39517
87520
31007
44080
48350
26068
49131
12871
73179
33942
27323
95493
59382
78511
47765
83264
95117
33171
61614
10455
79025
62195
43517
55118
98996
6299
38200
11524
77852
92780
3472
58896
60788
78273
15739
99834
12946
75976
90875
17655
88892
51497
59196
24647
13213
45817
9597
34472
5151
45497
73973
64146
41831
22215
37532
51598
69724
36435
31190
67587
62041
32238
41083
93823
42211
60293
21856
71409
94370
66268
79065
94292
35147
58004
13743
17144
32967
84277
31823
4613
8301
30554
79331
6132
6975
89274
71177
89260
22577
85529
57152
53935
94776
87343
16090
99156
69957
43393
84621
13731
21053
41619
15306
30757
56932
39865
41187
13673
74995
95565
41900
77098
65970
86731
64486
90882
57552
19308
69421
6088
3108
1225
65260
45393
83016
27217
38438
40190
37798
64031
82393
89657
39245
44192
53398
43392
81
9507
88979
2818
44083
98047
91288
23454
20395
32936
681
11145
99253
22171
59999
69782
93528
36852
27050
22718
38274
38927
46084
32581
12028
27087
77191
14748
89636
80428
80243
93220
45167
49974
77819
38678
74642
7586
66953
94630
35331
76992
35328
37260
15626
36682
63297
61822
39558
30115
79600
92275
86161
25275
65120
64524
86662
68858
46766
95135
16471
53747
24054
81641
11555
55350
1299
67657
49686
35976
61747
34992
19422
24187
82932
96610
31868
92821
32695
10306
65728
96473
20921
5242
5298
72899
92687
40454
5768
77807
88944
71150
60551
15590
43996
76828
58267
7170
82527
45529
71914
49162
82508
2134
67225
98690
99617
55036
50021
30237
70725
86204
54183
51641
40776
61015
90806
64984
46134
11573
5076
92687
40357
90283
17266
40558
41819
73682
1518
43333
84783
61132
21983
56406
91493
90278
6995
7410
58114
54964
86425
42299
36442
34016
41481
11196
13979
46182
45233
20822
90752
13112
14191
62402
14059
42795
22895
60580
6408
46302
90573
64936
37234
29893
5568
80062
94460
59049
95698
3143
43090
6447
58458
66013
1417
60803
9842
94162
52730
74258
82673
93676
98569
48716
40837
8237
25081
79002
61516
64829
51726
19645
14888
83444
71930
22426
22762
27440
20563
76823
23024
36091
10143
68504
99126
12779
14756
61203
58723
84798
2937
73698
52585
26314
51459
41956
90226
26338
92464
60235
16838
16239
56898
18759
37801
80293
2410
67033
33411
21763
25851
72692
22191
45748
45753
2951
73113
29651
36055
33365
92874
47502
92761
29841
32660
7519
7330
52070
89911
44461
40072
84560
84504
59247
20819
21397
11194
76838
70790
55610
23744
6707
91214
33723
27910
50958
34595
42518
27659
66889
28730
47659
84141
5234
75504
16322
94813
80140
75001
40735
55920
56490
67398
37827
1119
55083
85827
82336
75744
37985
72951
62081
85349
95256
89792
82788
29862
74066
19959
35447
2897
64775
86025
30384
47112
60890
39377
82256
60653
78539
84479
80775
70251
1951
76536
64847
94160
94115
417
74437
84403
91170
11987
34714
38757
3015
17491
81602
96972
70044
7083
8105
67472
43759
39210
57383
4142
77914
31881
86312
98041
96799
30074
69209
78334
76134
36497
98083
93766
52953
39387
10563
1775
94143
91511
48321
4210
15406
45329
49961
28936
38297
80674
58098
60329
7564
46043
69631
53705
24856
82445
64748
65701
61566
8037
9691
79954
40480
75184
50202
35355
73678
70582
36461
73381
3711
48372
52250
42709
5621
24623
78694
41218
41000
70224
90165
38648
45417
47542
63343
94551
62671
46804
25541
11674
29110
19021
40452
15452
54925
75282
41886
79520
91113
50142
94925
20120
62006
43081
81034
46731
32547
43696
63559
65482
20815
76798
22145
43823
10936
62976
65373
90789
21979
78823
76825
37935
5792
97013
56149
18067
63167
81342
55379
13646
29400
18683
17275
65132
1397
21740
67580
74824
58033
52207
924
7804
77178
39202
46817
6986
2144
4270
66117
24739
64444
93157
82103
68325
83251
63105
41136
49304
94957
16988
58514
48381
25137
33386
58315
92887
77101
46082
29076
59787
7234
33332
93849
74308
42242
23627
27437
19179
67308
40934
48120
55989
19059
51709
83576
42773
37995
18733
16713
38088
89853
76498
53839
53962
1503
6090
12581
87402
93807
99247
43581
8419
66389
67935
73313
77643
34218
79279
14489
88830
56177
64331
13034
56952
33973
90599
50777
40480
36134
51369
2958
37308
60514
64568
16155
12486
93126
75526
72685
96508
70529
2742
95596
90505
8759
24330
48340
76501
65140
83329
48095
54166
39648
9201
14630
6366
93268
41378
47895
15794
43508
72350
17855
53295
99563
37016
27162
64727
55859
23997
186
37719
72021
5330
22572
22710
4939
6678
1550
90579
62364
26759
42291
93213
34502
9888
97737
26566
15505
88512
46384
38982
60472
89502
10426
37431
71191
89352
48942
26219
53768
80549
29422
17922
44760
19589
96726
96748
56383
28761
30357
48233
21033
13642
40136
62677
92638
50021
37875
307
99755
18390
26888
28074
96071
2652
73646
90931
25491
45642
56875
59317
41013
10562
74093
69645
93218
69078
39017
61175
5360
98472
44991
52553
85159
36369
4273
80113
30072
33777
86035
69892
94933
77208
50270
28614
10205
420
17675
18604
75559
12376
97096
99911
4994
40692
34894
10951
82669
65417
4005
54381
13724
42071
46782
10700
23789
87502
20638
59474
26874
84302
1769
23849
76101
31582
20964
16841
18522
37573
5970
98154
49035
34150
98917
15706
48916
58930
17205
68911
65725
75561
74033
56734
63835
67244
5563
73005
35314
45365
28269
49006
86466
92989
74543
22483
20025
66186
81020
95104
22508
18239
69896
59033
83789
3856
52064
58687
21319
41933
63646
61614
84674
77088
99376
83614
51285
75565
28213
26107
4875
56280
43936
15874
81047
90002
95605
52323
48426
52855
64390
63629
63135
34318
26358
26835
70905
9323
78288
72345
82755
40145
60797
47065
73282
85622
9395
15275
96555
17476
74406
84194
93482
50045
75490
1005
32315
87393
22162
32512
11032
44457
92307
22282
41302
66582
87290
15556
90417
42716
15967
87015
43168
58650
21726
37676
77152
69301
64848
95576
48510
51028
4702
12161
47978
48484
12327
16072
13158
20743
21210
84384
51218
17101
15742
27517
67021
55179
89890
33760
61363
86674
78187
87191
55648
81646
59925
82336
24412
29375
28542
39041
33712
47100
93775
57004
28306
84298
1250
13394
15014
6107
24799
77309
2574
71899
38932
78560
17500
19683
35133
95373
17257
99502
32899
7086
69789
91248
81116
68700
18607
69732
3627
56406
85545
94115
97747
70221
57555
48015
73275
15976
28526
51322
33308
78969
73148
15789
61987
19564
84916
35493
63143
34683
24260
36733
30488
66063
35005
58182
59286
27121
66600
30993
81025
38947
18144
17554
90358
32226
99472
64441
66155
16104
50755
10691
66823
27055
25590
79450
67021
17353
37818
69524
43696
30736
33027
95762
33911
94692
60925
21126
85948
89043
19414
62349
93525
28192
50943
91275
82110
11191
81591
32537
8031
44954
42001
62976
79716
49648
58598
89006
84333
94371
79790
9202
12605
80599
82189
6533
85212
51684
70880
81835
64477
84344
27328
52232
97515
55571
73824
40639
49794
83120
8878
99419
85130
17653
3277
93452
48118
43062
14905
37282
79277
35486
26909
84966
9375
92821
92
77476
8810
44595
80506
32074
20248
42372
59308
60831
41652
34331
26173
24836
78953
51721
92076
5945
88355
32652
3784
88609
76662
46684
75784
72157
26063
79844
35842
64269
64346
25083
47440
71488
20220
22124
36395
77189
97550
55243
30683
86107
64452
19050
75645
65832
21856
65439
48681
8803
13279
32645
40228
43652
94762
20010
642
7075
75432
97738
90658
71608
63864
65010
74728
98504
23354
37346
41141
80454
35947
92136
9057
90089
38938
13233
89595
26609
48475
33598
10330
82813
4491
44009
67070
63058
12364
71111
29106
69738
4697
9312
84323
43282
2803
56439
30046
75366
81384
25952
54383
80156
24263
25704
19462
63006
69787
99347
27714
64626
73259
59554
55736
26801
97148
87671
60788
33180
37985
56590
48123
32972
83011
59302
30974
8118
14491
27324
43711
3097
5019
70712
66658
19822
73161
92827
82802
47058
14286
47001
6540
22048
46120
95708
23980
98768
5249
14901
10878
19742
33780
97948
47624
88744
56685
72168
70792
84538
37501
53454
31051
73982
95760
36427
23196
3349
88322
58681
75471
53475
13686
17345
24305
7630
90674
73485
74971
73932
65678
88035
10351
86826
4765
48560
6064
82848
66786
54286
85461
14850
16508
4069
49076
46105
89806
11057
29232
30083
23130
72082
40304
99051
52471
14081
15611
84342
61109
55380
24582
90374
23589
27875
47282
56130
28670
85152
14419
62777
82145
64971
17808
49947
6712
27123
14838
72349
5115
50438
6986
50848
37220
55838
59736
84832
98163
15679
85959
29235
5678
13076
63522
62332
314
37195
19265
80395
14643
91227
97457
96073
16678
69251
74696
58857
54139
5867
91291
72831
85530
79671
45390
24878
10564
11180
11298
35283
62487
19260
483
36083
53705
45172
6914
57965
51797
38122
3539
82021
22480
55080
34061
65667
95146
55275
9771
80402
55251
99636
57567
69227
6294
82184
50391
87650
17534
72871
99401
67611
89293
81178
61754
1875
2725
48605
72205
88101
50932
82326
73785
76942
9496
24999
26962
66517
79419
11001
51985
29615
14480
6667
94924
84610
69094
67387
21541
3403
77021
92604
63040
72325
82786
85038
88911
25127
56617
4062
49727
44854
93217
69152
72146
89745
45333
12864
90411
46024
74621
78636
69615
15801
65484
83361
15270
64886
1311
41556
99800
82718
22240
51497
19974
14638
98214
35610
66641
57994
72232
71993
37739
40035
79749
24723
49522
96605
34567
25765
48568
33883
3207
50763
87604
62284
92851
18824
79912
84916
59886
82540
95092
48575
56344
97332
1040
60867
72413
58279
6044
8414
52342
10661
50523
79032
79526
6343
95944
59621
79156
23797
71835
40029
38550
18075
70536
35529
94488
19409
14098
14157
35973
27704
60727
88658
56505
7349
56167
30990
85744
6578
1827
77340
26732
406
13707
1142
5987
9189
49666
14485
14032
18441
34396
97166
26670
52416
42223
71634
83140
41796
14445
96441
84333
58808
11469
66523
11457
79284
99309
9890
95250
95237
86793
37024
74130
27849
70881
83302
69608
38265
85502
2933
80021
14277
40728