45138
69679
11676
33995
28783
23594
2595
34671
68036
15420
86557
2447
76996
79842
74945
5836
86483
51630
31184
75293
34031
8918
38084
94409
8255
14269
44224
96852
15803
44381
36456
32221
59723
97557
66800
78475
12060
94746
42805
88047
25126
41166
4456
57283
79198
11878
79649
38426
16531
50334
72399
51285
64737
69035
3079
486
51473
52759
79565
70151
62473
56316
75216
21605
81781
49742
10336
15518
99420
33752
63257
35713
2254
90613
1297
69840
1443
74435
42431
28830
90316
40958
63120
72807
16210
81138
40319
18157
6647
2577
93686
25435
86575
68850
77940
4145
38877
87273
45937
69336
36894
94199
71160
72671
9104
69934
68706
6724
83274
2365
14939
67761
21221
48602
65310
55605
44476
82259
17970
14187
9341
70439
22976
58665
14219
55596
26479
60465
97612
75598
31793
8195
95297
18851
25799
39948
49563
84080
98813
74678
75237
16006
38834
96585
75514
18339
4472
12693
16726
35697
43534
8117
42068
8471
83717
27756
21442
17380
83851
37477
1208
2655
35101
60004
16005
44220
66634
16166
6379
94721
73734
77826
42707
66530
25339
50529
96580
43723
69886
58324
40642
45568
67279
98896
28027
43650
3009
40574
41605
56120
68492
20315
73364
78852
86371
97306
61239
18149
7480
32460
84000
91828
32661
5464
77667
79642
1676
95581
14142
12484
73911
22492
11943
22634
81214
70443
9314
19437
28986
72346
83718
21566
98198
95226
57109
33613
58061
83509
32051
60876
6503
91090
47016
17120
34676
94799
67150
8588
22086
31771
98606
18939
2074
59335
39325
63693
95658
7281
11179
3871
14817
74347
39191
42107
96997
3286
64445
30224
79429
82501
38018
66497
82657
35363
72432
32398
36548
58331
79178
17326
67041
23199
97221
56475
54011
79712
66428
87649
40262
46479
35498
51466
27350
73280
57462
86795
24839
42544
70880
61134
65189
21750
36720
4781
28098
15823
79933
47201
76990
50222
82451
67565
65473
30281
31452
63679
78033
44655
19620
78404
85922
41959
95309
56055
33658
21270
55427
47454
80406
34981
37268
5428
49039
61320
15422
64592
67160
91637
34961
98105
76100
71290
57542
23612
78392
78372
34740
93665
50239
41799
2713
38187
58692
703
29303
2325
80325
3788
67835
15472
27871
88249
62535
57290
81401
85583
9884
43159
45102
32927
68483
19082
24776
74746
57693
87966
64617
79919
72029
79797
71245
32838
45424
115
25227
58044
51471
8209
71709
2717
90910
9095
35738
37631
17202
41813
90621
33453
63933
6511
8472
88662
95896
96901
40356
48687
71075
89521
80231
77486
97954
13009
59181
85991
29993
49361
18616
699
86226
74360
27553
28375
51124
95161
73850
79576
60547
54835
94457
81572
47764
30921
3347
49964
73020
92495
16913
25411
97483
66622
35298
38050
43863
26185
40434
11228
73177
33234
56687
67618
41378
9749
26599
22358
47420
5792
21027
48727
9340
28707
34622
86904
32969
372
89372
10316
43076
72625
43810
65303
89889
9947
39175
3420
10079
709
22418
7419
82074
84652
73182
61155
18500
63760
11577
5416
10606
89656
56291
91438
9261
55522
89561
74081
3993
5092
4418
55234
67960
46104
93760
8512
48738
60772
20438
69082
31034
33733
92877
65595
57583
43658
64429
89375
83062
12318
61788
34846
47696
69930
71371
41443
17768
93339
87417
6375
67770
77847
1990
47896
70716
51553
41600
88880
22757
39790
22895
18944
71984
46181
54477
66331
74613
51596
69099
78081
37323
6756
84923
77696
52426
95746
82232
11943
72614
41280
62633
34719
12126
44031
13775
75707
20725
2190
94125
44778
60601
34775
6013
40828
22505
48226
10334
26919
12549
56724
36304
48885
97660
99265
74629
33048
98851
34111
49858
47432
75918
70637
3655
10212
80402
45146
47576
38485
41322
17250
21813
83133
78230
61281
40598
99375
63846
82570
45092
51413
43184
94824
65846
1786
62448
49475
10883
14891
45017
3809
28743
376
77496
18592
54814
61657
95814
15166
60411
76019
61417
73325
68257
41699
94573
40946
58503
63838
41848
44068
6289
78112
83218
50997
72457
85338
29725
48578
16745
39163
22663
71534
29050
79677
81796
84277
68908
39575
67555
3957
38577
89163
3985
59866
43958
19306
84272
37033
5642
4682
38855
13030
39467
40317
59776
3391
48524
9811
67042
78779
66509
68054
58203
83001
8926
58271
6297
90092
14466
38487
49042
58921
70733
83198
71016
8808
68653
73702
4357
4271
63671
98488
89205
66584
10704
68739
33073
39635
78087
81599
50819
39695
51954
97944
64957
33853
41560
13931
7451
54718
57079
73786
73964
96244
37162
31908
76804
63494
74500
8163
48084
49194
99282
65851
16404
12320
33198
84586
78900
58649
69873
98312
8820
99610
29722
20884
64976
89628
81408
70189
18005
374
456
84578
39867
44277
49296
93848
54439
72493
99042
25821
52826
11782
27111
81521
64539
27082
21714
53538
74534
64729
4520
83159
7768
47431
61643
60345
90620
51242
7408
48527
80117
12094
935
12458
83858
3293
34830
40583
54902
72240
87216
568
97848
97605
14574
49028
97204
50482
76273
67520
29890
69936
28910
83655
23520
76364
11669
3973
10667
22122
2161
43640
81895
50756
85538
59293
98214
42228
62473
57479
87685
1494
75596
67829
64446
8272
79468
5433
69374
58694
95946
42878
75112
71223
43057
99583
98001
41683
93999
24088
5405
69890
58350
58352
63583
99745
83616
36865
1956
94340
32354
37432
20372
34658
94196
77647
76968
60881
34737
53888
32681
84245
98111
24709
66338
25668
79809
2295
12687
38909
35724
90823
7542
69190
8021
6319
19339
93783
56358
67392
99407
28959
95439
63980
5723
46303
65778
72026
23963
53507
75471
1269
18012
88567
12798
44464
68987
42882
49203
62229
9441
3973
65412
95031
87058
2834
70225
55944
69453
16688
91696
21898
49985
71437
41881
327
9155
74642
88958
50481
33569
74139
7137
21695
46345
36347
82276
35194
17463
73381
19112
34013
8523
81690
1786
33479
22549
6550
36174
22567
91447
34772
86415
96354
93376
46935
4686
76778
18114
15211
57921
18240
73127
74399
60999
92665
83931
88433
95371
99488
68863
2973
74517
75935
9952
97517
3085
96055
23476
10477
37369
26463
61187
81151
35560
17365
45842
14735
41498
85676
46448
27388
41432
21457
14301
74026
62520
16447
77094
46519
71143
71563
62435
91441
7669
6889
12991
73952
25032
65157
54596
57250
54579
44691
67211
99061
62685
68929
94987
61002
31786
9324
97698
65509
5906
71054
45255
48958
14510
98076
24226
70105
63621
29191
10093
8441
9404
42851
14744
43488
44114
1008
21868
97853
10828
90524
97428
12736
10288
76669
96484
53572
45378
29574
80806
50627
12682
52582
68653
99007
21224
95715
58814
83052
20247
55843
74774
11549
64689
79117
15303
16350
21749
75549
62244
35242
44779
2832
69515
89433
99875
2725
43837
14546
79971
58335
70649
95715
30524
80112
74887
62
36283
3410
55708
19698
5262
34479
82865
61419
4040
75643
19563
79810
30912
61424
37824
18474
25507
48381
76500
74890
50386
3363
56750
98266
34475
73383
63817
35397
49424
88378
22418
6909
74106
46099
9679
70806
79253
57235
21622
44609
20229
35222
32629
12167
45481
10264
63934
8336
87960
99165
59653
19654
92878
99540
21864
68608
64332
5840
14287
97236
90932
54506
69190
96536
1542
70765
88593
23326
57117
25197
59012
58287
70946
22482
17147
16636
37849
58175
99173
41133
67348
35124
434
13106
74173
31350
36117
38362
26317
64837
90863
16037
95531
1431
14253
53640
66393
30383
36459
604
48335
94334
34092
13894
4265
73995
4334
66942
49761
59339
51039
85935
85242
27759
76627
25292
82307
49753
39868
21555
15479
20444
82613
82634
35475
58256
23372
75397
51130
31115
82828
95508
30268
71389
13287
86727
27690
15577
91894
43357
818
65438
23201
83753
98442
84769
99138
28122
38816
60255
367
45010
49262
14363
16808
39990
87812
54326
24489
23176
39554
5792
93052
83852
51592
31701
16756
15971
52111
83146
5159
64824
71499
40606
81058
24053
42229
36890
16037
37791
8326
48823
40730
7598
40818
51638
16630
12485
26772
61973
21421
62635
59828
92110
18521
72665
60061
94657
33378
92610
8662
959
81050
70455
51374
87816
98232
30889
41186
90295
16795
3293
1474
9885
24435
15377
82126
48443
54671
78333
46930
90767
97819
24711
15936
28544
51686
81761
94268
69238
59394
25803
97929
68970
54396
66181
75081
94764
75994
1767
79124
39431
74590
71307
38047
20321
79956
65350
31874
6072
29863
41452
66379
53286
14321
12263
85009
46414
23881
16535
77420
8251
21252
97887
98049
72974
82053
74149
53338
43412
48140
16619
45881
49374
9390
29475
44764
72307
67829
98191
42617
85976
67172
62070
30630
22273
97251
71539
77162
44672
36164
74048
2508
74727
91662
70001
17696
84400
11386
63660
35478
31513
72664
5277
38741
44547
39789
65925
77299
36550
75197
50108
54150
18830
39113
29780
80161
56759
7365
94646
95605
51300
96883
8726
74495
86810
72411
21480
87801
11633
99086
40324
3929
21823
80834
71375
99605
79026
36619
78934
12200
69868
70442
49242
1600
76380
6532
57413
77308
81612
92648
43127
67193
84183
76990
10046
98043
35203
6778
7163
2474
52166
84122
54617
62852
20470
49522
42082
17073
66974
17984
65996
87565
83922
79698
27277
81061
62511
56926
42308
24444
54383
6386
90155
12247
4972
13228
12529
44573
40663
97906
75729
71987
28420
80683
59982
57494
1428
2560
59566
73159
82350
21736
57916
66627
11819
31835
36193
64581
225
84122
64396
31779
71917
49912
98860
44920
72179
47646
78320
97130
95061
75041
9705
73876
7474
49341
76527
23958
82866
75181
42817
8837
52178
38124
64518
35219
94813
65751
69438
28969
525
62995
69864
22288
54644
22437
98935
24985
61623
85795
48986
17324
26578
89846
335
82733
54276
66236
77635
66436
44737
73684
93018
21713
24723
32454
10000
68746
91295
92273
40841
74628
53821
4111
97491
28193
8062
93631
51812
78146
5679
29691
53427
64935
54450
38211
82904
96445
68310
74903
22075
61492
81144
55974
67645
41140
80533
1234
53967
54597
69341
16908
77770
35664
73175
43178
13527
50028
70653
74318
40359
75601
22551
70336
71813
36577
10231
52032
17648
69200
18468
64143
51001
99079
13996
17466
38680
47428
79669
58040
48530
78371
17456
3010
52134
92200
26762
67671
98878
36086
63526
66993
7743
38045
40048
68175
53830
99050
79742
10626
7947
42397
30539
92640
32078
89346
67980
40174
93690
12363
90776
29681
73464
45448
60192
80401
2926
68079
92114
39815
66441
54100
29016
13826
33701
75041
10360
65775
24283
49371
3022
89082
80765
99240
91542
61875
6919
46905
83997
17327
27013
77851
64728
47894
81199
39356
75530
6318
18933
172
51172
75283
40264
66148
99626
34942
35949
83403
66070
56212
7031
26222
14611
9948
45565
19836
29868
91446
29690
48642
63055
25723
70332
6338
79740
12236
5783
9937
19688
41954
40636
95415
40293
71168
2325
43790
84513
46925
46003
55832
35457
32198
32417
81981
31788
320
62339
36853
91079
79220
84636
15553
94347
89219
13120
64663
83965
72679
52283
30827
52049
29941
80749
14309
94996
23619
50678
71230
17928
89865
74095
42123
34527
47473
19826
82596
85945
54177
1669
87331
49287
16125
33768
88586
76305
22365
66209
4978
75916
27535
14540
51957
6092
37499
70169
27694
28443
99824
24898
83951
33635
49579
9591
54447
69313
59307
5242
62479
38410
7865
2489
48263
4049
68153
99957
65373
9778
2037
30466
38157
65800
75107
40324
1173
62131
75385
16499
23945
11572
68552
64117
63692
42641
73640
94087
63170
24433
81687
12114
77906
87434
78428
32741
79144
9204
29083
47722
39418
53662
90745
39779
21302
74239
47995
51277
67468
35338
73560
51755
65501
39335
8910
38171
10560
75603
64708
68533
39642
64890
65306
92039
65914
85554
51578
10395
99415
67995
39175
9399
23747
47845
71048
29540
47095
21176
86007
5226
72297
18142
90358
90944
81850
97655
86510
97182
85629
20247
77493
33943
17305
70381
24279
90907
87609
86328
83438
8474
43016
67585
95538
83599
50157
9144
44943
92448
69944
20601
66689
69887
61673
27123
87460
62130
71872
65472
9127
49589
20826
49712
87842
34105
15672
15046
21136
42125
89989
67290
14988
49409
80582
79820
23664
85557
21110
49891
91985
24349
61487
46943
50549
15707
66359
84342
97419
43841
3379
19021
85134
42256
72661
27950
16712
21595
49838
34457
11830
9983
33357
11427
10361
34249
75673
54046
68808
2042
23312
91774
78768
95443
68437
31499
59040
83500
48535
53991
85629
6103
26187
5694
65587
72599
58373
22071
1386
92189
58769
85710
24143
98885
43058
8819
63613
63163
47152
76147
85832
37574
75897
80197
89826
63837
30004
25290
71569
74010
20215
74950
30505
81440
94594
64421
37178
63313
23304
28216
61681
70943
83797
47031
33035
544
90271
35862
93310
144
52205
10146
80316
8923
19071
87766
97066
79365
83614
69506
64210
93266
1226
85429
46215
55370
1164
54588
65005
66826
70430
24239
52783
60562
13734
57563
38887
9561
65599
7410
93771
63038
17704
16764
70960
14174
63445
92256
11738
10715
24641
84611
86965
33133
78469
56621
64637
30902
29589
14451
14327
46924
65398
59052
39923
26847
95969
69184
18347
25204
46836
97454
59368
66190
43076
38160
54195
71195
25520
58537
26694
47820
68940
80768
87217
40434
28209
82934
88512
11115
2346
25560
29576
94999
66121
70751
879
63696
7833
87508
44651
8633
72744
45780
87034
2621
91931
92985
86323
60430
92642
31522
89884
49016
36453
70660
34872
6247
18424
18081
56970
60074
67706
17365
42166
91690
56567
68584
94309
31731
29842
38360
52868
42760
93262
218
52722
11154
73605
59660
86899
84424
6534
87098
48782
43412
63688
43184
16071
43950
98963
37712
88878
52561
21612
16941
73897
64131
6196
99874
82914
15950
19047
75726
81724
80356
68361
96524
15212
27566
27522
51429
72703
33750
17898
41028
68721
73002
73205
65902
97865
89175
47327
85804
14882
2065
73586
97775
28538
816
11979
71990
21579
94493
70885
32539
42787
95392
31045
17898
89124
5056
76234
71337
9379
7345
75013
54776
13185
99358
71537
66802
97232
54034
82819
9714
22111
72806
70528
28025
64662
18646
78149
25630
26135
50857
78848
29206
91586
33450
12009
6711
7145
95257
31179
59501
66297
7940
67997
73520
66327
47457
93045
95169
89753
14842
74915
54876
88965
40325
86685
61445
71412
10255
59260
90455
10834
80960
85558
92808
16212
91958
75736
30214
8419
22493
46487
39423
36653
74726
86767
66196
31403
71453
16601
83076
17602
93071
2989
24333
54029
88405
76042
94288
89924
1473
30397
15432
79266
27895
75969
6367
24949
75001
55614
70021
15256
5186
81602
38812
18665
55832
14597
44980
23154
61681
99584
97956
26783
38275
64377
25012
13643
23569
33909
50818
31467
86693
78982
94011
73326
89062
8515
11237
80266
96042
38542
17621
22235
46204
95138
66066
83517
27562
22590
37103
59897
87548
96248
15286
96127
37079
1827
27327
27918
7077
83379
95112
43860
45632
76696
17738
54051
77052
96376
37390
23059
17428
98339
85540
17312
10358
26975
437
95262
53991
37550
71824
99757
89183
59710
26724
80153
28333
14634
88198
45332
50398
60356
99093
8726
64191
68195
63722
7902
15175
32415
95546
12134
21313
44838
99073
1055
50996
53827
79970
99668
787
37898
129
96987
64206
64239
13626
48683
8463
45520
36267
2806
58290
6329
45025
11249
92280
96002
42782
42622
98503
6316
92592
82536
75909
20800
16732
17803
65659
61400
32215
75923
29039
99120
48971
17203
74722
51389
30251
75520
28607
79587
6776
27392
24237
36004
77687
91408
89112
85878
92854
56747
32127
90284
65983
83786
65197
94758
1355
37389
71933
36520
93955
47132
39835
83398
5969
31528
53289
98231
90041
85177
19914
37392
61256
3367
3197
64888
87588
50321
86011
94905
67704
19282
33524
86472
70004
65960
35375
62766
28264
86464
89051
29381
26296
1885
28144
61807
67110
28956
31358
76251
83335
57995
87995
41040
21176
6950
28392
64716
54219
63026
54971
68222
92010
97957
54754
18530
59904
62692
59814
49103
27403
25486
28969
61492
64683
62500
13238
70644
38316
49155
7523
81993
27214
96612
65746
40114
29282
4702
12161
40997
13580
75550
35232
38446
12268
75584
40664
91231
89505
61271
136
69699
82185
3589
14215
81144
71835
81776
47132
93279
32129
64090
83902
90695
51883
66954
96621
43146
18944
99567
30489
41833
39089
93832
99084
51560
84252
37828
50026
86367
99593
74158
15731
7002
29452
72093
69662
96767
21949
44917
59159
45430
62632
22618
43239
23458
47644
7698
51141
54657
37550
93142
838
39521
2627
67138
33394
64038
95922
98318
64598
28620
38018
74909
8472
65966
6265
84824
63763
36416
29418
97062
95894
86314
51814
31954
43747
28323
8822
48472
57223
91346
12214
20981
93949
93962
74586
18173
17624
64303
60929
71796
20669
94351
87474
10490
63864
8931
72245
88426
9898
7212
6311
59333
94397
62898
44077
88319
80499
63860
46974
25942
25469
59711
93015
29885
61826
20028
16659
22003
85240
67745
92564
80710
99879
34735
77189
43354
38828
50742
49594
3360
554
85283
76078
71910
86213
94715
86915
84205
7236
1875
27696
58309
15378
90883
93458
5903
46473
48674
29375
69975
57485
74910
22777
38028
34719
82032
16285
78626
99623
35926
9705
14592
6178
47816
88299
74377
26599
45549
18029
99447
75472
9512
36329
59637
72233
70379
92155
56616
42715
94982
84112
80499
29145
20241
66828
86965
27715
55966
2772
85604
9895
50732
73413
31037
3956
99466
18966
85804
39426
4380
28989
31986
92357
51245
93365
73858
72189
54748
36484
86868
21743
79562
29382
14034
56698
58475
92367
49382
21941
80733
72522
32410
58509
23632
80135
31987
30565
1410
37121
39943
13196
85372
22700
14072
46806
59314
92234
76706
78285
98061
72016
42490
66034
5082
72279
98836
307
63482
87765
93303
18956
72813
35065
63699
23644
87011
74070
4352
43702
84172
94290
8735
74336
65125
44341
7219
48158
41804
62427
49044
94441
27098
15595
49836
75138
85709
43095
66689
8879
48307
30724
32495
73131
31400
25643
34909
59686
5672
27888
78655
61541
97217
67035
11824
50601
47032
64946
30998
66622
91519
62443
18091
40902
84802
70271
55755
32731
75527
45546
16022
49291
70511
29492
90094
45398
50244
9258
27489
75
87537
24131
95564
43031
58188
31695
44739
28313
32502
32106
89926
37037
93082
84981
57484
3539
53950
14475
14089
64367
33980
15418
8238
10978
88747
79650
27091
52213
52854
23288
12504
85491
19089
21816
49028
94882
46340
60147
13582
75258
93763
92672
15683
46876
46479
71581
1425
13163
75691
44461
93954
10872
93135
61369
83841
68870
78341
90676
50575
51426
70521
37235
66069
85035
11971
20699
50008
23167
64533
12046
40547
51869
50254
12286
78010
72851
56511
75744
24171
74853
47244
10874
78319
83473
12850
20337
89632
52200
18495
88689
73832
80326
51496
33181
42039
20439
46732
60897
5353
24897
50499
86647
38548
59809
58429
92220
97492
3230
54593
97337
30295
48521
76754
46897
48166
97001
44104
64148
29155
64617
62216
84379
80732
98258
73199
6742
27064
13126
89901
23563
38466
14067
67685
91813
79232
59586
36744
60562
80108
95842
37689
54158
72502
33608
40412
33897
18053
43831
97011
44697
21363
97996
94625
57777
7569
61247
79654
88916
54540
30337
29455
68650
22223
36871
60287
52283
55398
10405
20938
86230
21005
80104
74905
57549
27791
22062
90097
54137
77913
54363
74239
69362
98975
27215
47537
60945
99921
58051
56390
29303
57880
50876
28069
49954
65698
98660
32573
79630
18355
99714
18561
13010
34051
65707
32802
3686
42380
19894
97877
99601
34729
38611
58390
83128
27566
15738
43072
1053
80795
67914
22362
20614
13627
28908
49567
98562
68692
8801
18834
55046
79148
57419
10144
89498
10802
57211
52189
31836
94035
6124
38607
12757
77044
10097
43258
65122
4449
50131
16276
6958
3049
70981
51216
43878
13287
95631
19645
12017
91509
70317
4920
52412
34191
75538
5090
97965
8821
97764
98952
38300
94114
35494
60503
33118
6657
34191
36990
11202
42621
49630
40530
52655
69647
73965
1070
19917
93926
44414
13389
32419
68233
16906
67540
89600
993
52521
36354
54554
16570
60799
37937
75439
66139
58474
85592
14531
80299
99506
42078
61279
69415
89014
16870
34065
19244
20716
19416
63567
44138
77825
74037
82452
30823
62484
85093
31580
56135
63732
30148
50619
63757
85113
76805
70157
38350
59610
56568
67994
25008
24072
93177
51471
5751
53605
61469
51052
49673
93643
73637
58724
40787
38920
1198
11656
30663
43644
55038
93713
48429
13388
27001
48048
51473
63054
98167
18216
41186
96051
99477
39846
43006
60516
69482
99529
10932
24605
63528
14473
4075
78852
55383
25445
32457
83269
39452
12740
39873
17766
96992
85085
14741
87335
96480
55783
75450
18003
84468
63513
77231
77019
52900
560
1995
9049
43078
56596
52066
39861
59017
18827
49596
98983
46110
51405
10787
62354
29767
73209
77233
25659
27950
24406
2094
95687
34647
61170
98617
41961
94158
80182
36266
51593
23300
92636
55904
67172
5093
46274
87903
53082
13449
51476
48940
84909
95484
99461
30865
4060
393
35997
229
74814
82853
163
54022
85652
83224
38803
18453
40415
88478
12183
30838
45503
44327
98401
61045
1818
18726
6116
62410
78981
30175
89695
48185
36133
46527
23007
78832
20442
9842
73848
62940
77130
72467
91110
72995
72569
32394
32325
22351
9356
31167
39535
43606
13279
79198
93422
39113
87790
38138
77864
15140
86115
56452
10973
63794
73042
84382
42556
9856
69326
71315
57193
98016
52914
32952
65059
73332
54303
7153
24335
60753
21848
85275
1663
2915
77722
40732
37770
22638
88196
86670
26305
67959
35952
96300
1767
1870
37725
61950
60841
56965
30102
54947
13241
14611
51420
20348
38149
28187
37627
69935
76069
2102
78508
88753
93803
362
25519
52742
19684
49269
9969
25571
99292
68014
74229
98472
53805
94945
33547
35428
6527
67235
24537
61861
70673
17902
43039
20254
26806
92732
82454
89512
23929
8088
80346
84797
31049
23398
97840
2178
19975
27445
15941
46506
9797
58243
41117
99748
93463
70330
32996
91217
41924
68332
59758
29740
59894
27152
63381
55740
12837
23393
70077
66548
58257
8854
11489
11469
840
38674
15447
3650
24835
18487
9606
2159
48596
55694
7992
90438
37877
12223
5566
32963
2054
8498
1213
37148
18859
65577
87967
62989
46594
71713
83886
79930
18372
14293
96509
11396
43290
36393
88502
48716
90839
51575
92982
81038
26475
4844
43955
35578
15701
24878
37935
80428
78879
23103
84582
22056
79525
93790
15993
54459
4044
84595
38792
90852
34914
60274
2686
64986
11117
53907
99195
20396
95739
66975
74081
97399
55744
16032
61593
242
1247
43701
61184
41310
66342
3742
48233
80508
80474
43784
46900
65226
69508
11736
2883
62940
85453
29829
3709
25317
17718
44022
23075
66602
51766
1280
65637
25410
51148
3605
33337
31407
83406
5254
78027
7866
92685
34788
68644
6537
9518
89431
74115
95624
48542
57881
40689
59764
30374
64456
39949
9558
44511
4277
52123
60739
20842
86130
42365
29852
50050
99890
11847
28756
13343
72205
17178
38097
86100
53233
64585
37392
54067
17020
93556
17716
7473
53076
43244
36239
55754
97176
31187
17534
73042
53088
91057
43241
66764
82193
63573
72604
12045
68556
50017
18942
62473
86470
58306
76643
82206
13601
52744
64551
44856
18768
33819
97644
61393
21569
16971
41849
97031
23888
29
6015
43705
26930
70891
26856
79853
57350
56876
35538
50443
26763
36845
6243
67606
25074
65135
22318
87266
38263
76598
2134
64938
49021
77283
90440
32622
39887
28731
92097
95818
3540
25743
2538
25744
42722
22579
10523
11989
86729
94697
55965
91193
19385
97472
86595
62688
13099
13936
46138
40329
40707
95996
58454
82734
824
69370
88785
91900
98033
18434
56139
6497
19673
29738
68524
44922
16178
96596
69952
86977
80712
82384
47417
32718
87290
10187
84562
26380
19313
78347
24770
16273
73882
83395
51798
51571
86916
3700
8882
5722
97381
81694
19672
10633
18825
37722
38643
13539
72013
92245
62286
89565
27327
1959
51918
86065
94264
92188
33210
77684
97397
69497
44916
25438
56282
91080
97478
75216
57950
50510
76091
97430
85563
28479
2514
39849
92823
26672
4904
776
12110
49750
65689
1711
81181
53046
72226
63431
72619
74271
97950
72902
68398
30703
80483
72829
87531
82396
99899
59829
9704
56411
99631
79130
50987
67479
6316
33885
80866
20001
98896
22952
66436
71755
80649
50301
67577
18327
63389
26043
1145
31862
3599
10539
11211
26012
77140
28554
31915
3633
20562
72382
79282
75986
43755
85753
4846
273
11630
29605
76534
42389
3027
13221
37710
31433
38113
97909
19159
41925
94991
63013
8269
29533
48581
80678
97808
18811
40780
88154
22204
91775
79770
28327
91191
85858
54482
73447
32601
92092
21192
81251
33784
38307
76101
71740
27286
15781
37739
98401
21281
39823
50660
87347
95248
83356
72139
82513
56973
82556
33726
88738
27813
25813
35172
84546
32220
10282
63453
73877
13824
81225
61833
26273
4914
94746
43095
68272
3339
96539
2013
84886
80642
8726
8624
70350
92234
72690
26679
98810
49996
98437
73039
36175
56027
24566
69838
6017
99380
9297
83118
76539
18760
66898
58690
12322
31255
70526
10678
23141
91599
55883
16852
10894
3760
14877
72400
75907
4519
80441
56225
50420
3268
34291
22732
43854
92989
46650
39154
273
36539
55898
11262
34029
58005
85517
39647
44033
33968
3283
47018
7326
50015
38733
63745
15971
72610
15182
84661
58650
62071
18954
75494
32542
71552
32324
19154
86646
98339
75541
97749
45975
30648
20174
78817
51541
39951
13329
24668
66412
51025
95391
2023
22156
98222
22684
54763
74373
28279
50762
51101
66215
96180
38263
22168
93266
53114
21605
52176
63447
27608
97737
69956
95139
54294
91128
81435
15711
55729
86161
90093
15754
78767
26061
12828
36437
78358
40189
37255
33518
81421
84362
30378
53324
3418
44459
61297
95164
90695
60413
43483
84896
293
74524
63568
68424
11735
76867
15520
47338
19947
86641
6354
32987
52085
4315
3929
73347
84252
96044
27370
24228
99214
24626
69329
54694
94671
59050
85269
75392
23710
56544
82278
7664
95020
25107
48613
106
18295
94716
50548
10929
85543
32723
64900
64277
42850
55403
1268
69578
90048
58648
47220
51647
17287
18647
18139
33745
1794
16947
91643
5518
837
10399
7917
38203
42678
9840
17542
34647
99619
85952
60239
75760
3926
42446
75565
40198
15141
56168
74886
72045
15380
9251
61216
99756
67572
36850
35404
73130
64750
18970
56675
48654
70958
73296
28434
86399
88503
94473
4091
89597
83046
3488
8235
38323
13975
67390
56046
20372
63216
23948
3155
4170
23923
7479
18546
48876
23155
60954
47911
66190
19834
34
3817
41389
52621
86464
61904
83183
49056
68093
96119
89640
2734
86424
83412
44131
21873
88449
16532
56276
90011
4950
13591
18373
24163
76135
56844
37169
11302
7595
75145
24145
88385
45730
71279
94073
36971
17702
4427
20909
43438
58180
63795
13611
22255
70051
90257
17830
54823
76851
38647
72817
51685
64375
11711
81597
19581
2901
84285
7011
87340
12375
45174
10752
55487
4192
81060
92006
96504
40995
38571
55917
58543
33385
49977
25342
27660
1031
57460
64184
54128
15763
15730
78103
92785
89029
85873
44719
98170
88913
451
10022
10247
43937
92683
52766
73743
2018
69928
75522
70718
89939
70477
36067
58173
89950
15506
22878
13856
22938
25668
34478
12792
10806
91657
76994
69360
18658
20647
97760
20854
72596
11081
34302
88220
96680
75658
85030
52160
35394
62986
85646
27350
15092
2226
87576
21923
72377
86093
30516
64966
70093
18212
17963
57487
85170
23816
49443
45165
29725
7045
81731
53492
11782
81019
1617
41505
36448
84624
77185
7851
95549
9835
77096
57663
47696
1367
69201
83324
98400
9701
45835
92128
64236
29955
43812
6117
27616
6783
59751
40513
53690
27686
93611
14768
25464
80831
54683
29054
37449
8395
60399
71358
4229
44764
61005
15792
43133
2893
91514
78108
10045
78642
48511
87898
69294
88079
79585
74400
99417
42924
56782
66576
3799
61206
3479
26419
14889
11463
6129
88718
43480
6167
93366
51788
71096
54781
30622
95745
84110
13523
13356
64369
79228
75378
43927
92188
38715
68842
91270
71131
28950
46456
6566
2220
65391
46934
52983
2526
24594
88472
74222
63015
32182
10542
65330
81540
2065
98885
73341
74477
70501
76517
93925
46979
37473
25770
89819
40422
2275
20318
3787
18031
30083
77737
96260
73956
21090
82285
65136
6794
91082
31181
33455
2461
41918
33796
39048
73184
74954
41031
9285
72410
76279
97250
76846
20454
39630
48673
9303
15701
87570
45083
55958
52465
26294
9646
25146
65463
37929
3598
28967
63188
6037
21877
52309
29014
16269
31519
13790
4012
84583
86160
57044
5920
74351
51970
57511
70482
66073
63689
95333
385
43536
96204
95171
72799
10952
53980
46158
22004
90560
78808
52364
36829
30274
73918
57697
16874
34029
50966
2244
91095
36504
49323
67145
73652
63947
1677
13801
27485
12241
33086
56621
84703
54541
3459
95394
64172
74871
24545
6935
10062
73025
44408
55235
83989
31039
32029
91650
16480
28902
56326
97500
6784
7481
61322
46394
35132
81981
30199
97341
22672
8975
24620
93659
72814
14233
98309
39215
32546
99496
22110
76000
74763
13688
13978
24631
42500
6936
54810
31205
57894
76144
54410
48513
37424
13741
24451
1672
27323
81064
77859
11805
59018
96795
75873
61280
76901
18948
23676
8329
90363
36612
44966
7529
58780
20437
38826
35824
8900
63337
84873
93429
77563
23485
69838
18357
46185
89783
81450
25756
45433
6100
12050
80479
27416
46889
8086
85825
3609
4816
17127
30966
44413
78894
44976
98458
81202
65914
72861
2913
10099
22292
73587
28019
81316
30694
35217
26312
91491
44377
80517
52420
79739
84442
56495
19876
14694
58002
61107
69609
96737
49963
53769
226
41282
61288
71798
12712
76201
13325
14620
75432
47922
93196
12944
9219
35767
70792
96550
54542
93791
38272
994
95703
92945
75422
82287
22142
59946
79809
13331
1920
18504
13583
14317
70854
84925
12310
17343
9429
81127
6235
9548
41699
38980
72317
1787
4137
92767
47487
66867
57674
95478
30189
88844
45478
82446
47834
41610
68172
68601
43553
7928
49881
22572
63650
67075
5347
19988
29574
87426
68811
7083
62106
92440
19784
91090
67505
60879
64065
51206
69579
27041
59692
4189
40682
74766
70347
61177
80947
44312
98588
40630
66315
25256
65790
69216
87713
89781
92788
41230
83023
31581
95410
49438
86069
2096
8178
34926
70669
71489
48709
59865
65334
38439
77098
81997
62244
71977
19723
67506
23961
69853
74725
94719
93166
40968
30538
69688
51754
26745
22534
36452
81448
91849
35141
72878
67561
94126
80925
53583
34027
57328
28305
22681
22077
68341
74507
73354
47976
39571
46482
91795
42313
18901
67998
17653
5808
34573
87365
35799
58174
62624
94988
87078
19188
58228
26301
59377
62154
83622
30164
83920
79181
84167
82984
73662
50313
43679
15519
63723
39941
18826
54866
91907
35316
10995
4037
83441
84868
80573
91078
5263
39881
57762
39675
56817
89137
49337
7561
27609
45722
65388
55044
5035
39080
35664
59304
8830
42551
51901
91727
53696
93873
54340
44278
56843
184
91532
11441
69665
47791
78579
13918
34355
25856
58383
5206
7713
7894
84398
4497
11370
5449
93778
85198
74699
1060
67210
84011
1152
52957
88410
73794
244
55898
96863
63365
63455
87263
75754
24773
57055
98304
3898
8292
22007
1731
75481
19541
72105
40847
85720
56976
92531
76532
22805
71470
23338
92530
21426
47027
16863
59859
89251
21526
27422
32268
29875
1797
45469
23471
67085
86751
82223
6685
86416
72456
62238
30409
29383
30966
96229
19297
81888
15875
28303
79349
41693
70473
63356
34864
12439
31446
43127
12011
38748
30432
1797
72627
51772
67015
18229
65633
13949
78557
3010
58027
79770
45697
2224
70057
1972
76056
21465
11121
36695
25604
44694
90757
4610
41244
13734
40608
36585
48940
21344
95419
85126
41495
40217
97149
57077
63112
14226
66537
47761
59552
43805
15578
58308
77771
65206
82960
43462
84735
45404
83294
57937
25827
35751
76606
82112
24126
28853
18775
20630
51920
35520
50808
91851
60494
48542
33124
37849
53787
23973
54320
75978
72280
64245
41809
95117
13156
1110
88720
97728
85621
26124
93934
9388
15838
61005
43043
41330
81353
66695
22384
42027
72080
22213
47311
15247
52631
3831
61090
67240
67968
51174
60876
11968
25347
29327
84633
82277
34705
20550
13737
50436
1256
13729
55349
91086
7440
26388
6924
30068
91798
89330
68098
67448
64082
32047
46327
58312
29732
6554
51794
78643
74784
95942
86589
6826
86529
13467
96015
5278
63730
12625
29946
97000
28206
79518
622
61227
66337
13484
63774
14489
47815
62293
69297
68538
67337
42469
43204
91084
66984
62690
1835
70750
61134
56185
86791
386
75265
44871
12545
72617
33283
15038
99532
29440
63575
99351
19069
58995
84671
22048
6340
12374
92855
35645
8674
57212
41494
52714
99079
86149
58335
4661
67762
13323
17611
54791
27543
56090
84400
78197
7273
72012
136
83185
43822
99773
11322
54512
77557
27307
43395
92899
97880
48315
14902
75324
41297
49326
29763
81108
15943
56485
75889
57709
83360
86887
24757
72172
44615
53851
68040
17165
64165
39219
46272
24621
5857
15504
77089
5448
303
20885
76132
94927
21494
39079
7495
32461
49
93517
98325
86023
94044
66824
31919
8053
80291
81097
53932
38625
52890
48227
41621
66725
79538
3846
97068
59374
31924
60367
69138
91756
83494
64244
18388
73203
18473
77993
62969
51170
6252
92631
13885
52747
79179
7697
60024
48617
73602
10135
97230
8325
56390
8443
89449
81910
96370
40501
21968
91713
20116
12929
59744
77982
94307
19739
61813
98790
5301
39834
70107
80356
51573
72355
5573
18398
23179
86462
42552
42852
81050
19939
10503
38520
27106
1135
32672
45512
67623
94564
37480
89319
34770
63279
89279
95403
73600
83897
95386
9259
33890
44027
65383
29355
42551
1318
41467
28347
56286
2155
83162
73553
67256
58926
52517
23610
31843
79494
32517
19937
73728
66975
27940
9800
48795
1134
35680
97090
49439
47984
49754
86380
80413
11795
60665
47414
15239
46012
65800
67088
37048
51335
4518
56387
86133
92838
1402
35860
84152
88931
13169
63222
31649
80692
90833
39124
59834
8559
35318
14512
11953
71252
85212
30550
59694
24842
80760
36964
85791
16648
53804
97175
14657
78500
86018
97161
89727
57712
20668
20512
2845
17140
22248
60137
9688
55760
87299
90151
35709
50892
37137
27275
71285
22202
4331
75317
99080
25076
99103
51673
88729
60224
36785
74169
3108
85626
51499
64573
11261
45059
23824
10008
29684
73143
39295
73320
89778
96749
9329
85696
45610
9329
77933
25547
29646
9776
7592
37997
24059
53366
19064
48282
98239
1167
42499
79188
95522
18269
63519
63168
36847
89793
16843
77067
7609
72518
81516
51663
28095
1264
82236
16712
82695
9809
33381
88976
45492
10642
38143
2063
79595
5290
90453
74493
85847
30064
97031
42635
48833
96322
75114
85786
35909
42616
78164
6819
1121
57953
7586
78787
5983
66779
20677
1898
36469
27755
55477
46596
617
37901
88098
73396
51186
14303
81676
56090
70008
64376
4637
61680
31324
43249
95537
56569
29004
30354
84855
67375
26466
237
57908
59902
7623
18747
74580
57785
30995
30140
93908
8438
40897
60164
61222
35882
42508
72187
62693
90240
7872
91591
25740
553
28428
94570
86641
76486
16998
5595
72773
33889
82600
66556
25252
45539
90498
52575
58373
64993
11875
11882
31929
16636
78436
29159
9064
54922
71509
27916
16179
75376
34332
62977
72976
27120
29754
48532
85646
78217
93733
60962
85776
86429
2387
70464
88815
47289
10326
72114
28941
61654
19035
99891
58938
66902
99572
73230
37037
75595
53045
95138
93726
41328
20423
78905
5878
32346
9326
9395
37737
27053
2203
51826
51689
73884
84982
39627
8297
57527
69896
97544
68612
25437
32163
14741
53567
93479
4098
87
52988
94189
97771
66148
61578
85485
10582
63299
67569
41565
33622
94907
67131
55746
43502
70997
94171
18777
90562
37333
24783
40431
89316
82472
10880
92182
85765
85957
80689
25387
58950
13622
29578
90405
38264
22936
89729
14565
27269
98775
42921
8632
79500
43100
30564
73086
80948
95179
12207
85371
48590
38757
73589
82334
33899
45339
46725
40537
60363
81667
64364
61377
78259
44940
16014
42586
39946
59817
77784
75664
77990
64572
24957
74636
94995
59121
46602
86377
60850
4484
89507
33826
37778
5812
96197
78791
27477
48073
57384
65047
326
43360
57418
43855
18365
20305
53904
64211
68755
45873
38469
53593
53199
56600
7476
98536
57682
5865
45286
27724
19936
80377
10117
28850
81633
87711
74304
49631
5249
95214
96296
30398
42444
45890
31512
60000
97044
55557
75310
29756
31241
94909
95209
14388
27468
95655
32507
36864
48593
70598
30924
88617
85272
196
15604
13919
95893
85312
59977
86312
14388
80890
46233
80336
65330
5970
20850
27906
3086
26480
55543
28206
25050
57691
97536
13352
665
48148
35115
15209
55179
32616
64839
63081
84006
75964
52750
2838
19191
95768
15920
61247
29739
9645
9379
13415
37244
26899
89163
64503
63480
94097
8076
80993
77161
84102
47239
46637
60197
76344
98341
96690
90895
56962
98373
72199
45995
37326
27677
90206
21573
63349
2284
37215
15555
21483
80821
78690
6332
12056
3990
570
36485
19131
34297
87727
3471
8404
12706
82069
90458
63834
3129
81643
13256
62373
89223
35014
93347
26791
38570
13530
6113
8836
16647
49922
10263
26821
6914
68468
86468
6096
89485
39299
2189
36893
97691
5067
98790
50838
16482
18613
7382
70432
99344
72270
72670
67830
29146
40191
51325
22197
44676
66550
17919
24245
78384
90786
57154
86259
45809
83888
97400
49365
54409
69955
89545
76367
11483
40313
96565
1273
77863
46167
29639
72878
88951
59323
26039
66127
2596
58160
55986
35097
10056
64095
89613
96253
16388
4679
6060
29212
26184
80112
82560
548
86199
17774
63209
89367
90878
88495
15689
94364
63564
23146
94336
68432
8653
45302
55355
70275
84781
64488
37103
51715
71737
45671
54232
97911
36614
36079
9895
5020
643
22589
7124
91480
22854
12355
17484
28444
71313
76017
73714
12761
51920
1495
29071
66888
10386
71629
72470
54564
1970
39794
64830
25897
52354
37529
8079
3951
50516
28642
6948
50932
32951
41995
35580
10184
24849
69065
8902
51163
25870
98379
59444
31221
89423
45950
62351
84305
83766
96486
50301
45518
95984
11342
70014
27594
84781
32686
5934
98184
76112
89658
2044
23279
62956
58823
36774
72064
3591
9146
2530
597
73395
17189
86007
93572
83253
79384
33077
11990
72293
41957
35512
31306
20328
77802
29446
78936
3869
79352
56926
1538
69485
46345
12986
94765
7218
88550
72997
72817
3937
36190
50021
95994
88191
63344
35754
33887
65546
46162
94695
90975
23326
95886
41132
31514
93243
31452
86954
53487
30057
59532
84548
24059
16993
80534
77854
80201
7646
52747
77891
84403
15115
12454
96920
2292
38015
73611
96772
97086
16114
52327
61965
34917
93628
87415
94283
63494
36968
52686
36033
24756
49338
76780
16785
48942
98560
90763
47852
14612
43812
25691
99641
88449
7956
63000
47887
53321
45528
68721
38173
7375
3051
54348
34156
3538
49797
50861
71223
96051
62390
41709
75628
97122
29536
12864
47840
18073
32808
74052
50987
39118
11616
30546
41341
90862
38934
71722
78697
25143
63905
68945
83620
52376
35723
13753
84817
38417
27622
41545
6842
15393
76638
81532
13280
96486
2386
87795
56444
67897
39995
94469
18939
2221
6104
25791
12694
59086
22916
38604
21284
30215
78002
71449
73065
74933
3193
62373
90761
44877
2954
29998
76514
44190
36388
37494
99190
7847
82083
45833
71033
77162
5762
90515
8465
5015
8776
1779
26021
3023
51407
35725
78333
61942
75207
64569
11292
74284
85287
90170
23114
45437
80239
37118
76467
80934
4423
54608
11724
19052
2381
22531
90894
10842
77126
44837
72047
56373
61328
9384
91878
25174
38177
35392
74115
36839
39348
3330
33865
31504
3037
4754
10376
92848
92440
31312
22311
67839
86953
39075
29145
52848
905
38228
37287
98041
22468
35719
32885
41099
17162
84081
53842
65934
30699
79124
45167
95602
4660
30181
48880
52936
84296
79142
42231
98426
3732
98210
67669
22605
11697
31369
95363
31145
33833
60186
54766
96295
57161
42729
80645
89960
91418
42317
25506
63572
43935
52993
7316
35775
18192
16862
54736
66465
40581
48268
75649
69975
40986
64867
98606
57194
19213
98618
66837
52287
35879
26036
14671
64345
8786
76218
14412
53630
41713
51818
52160
13944
42943
55569
75012
57158
1290
82397
18619
25040
14267
56213
36615
99765
20388
16577
47467
13095
93667
38505
75242
91436
70447
10979
6005
95338
69826
11405
9938
42076
95433
78623
42831
77492
55500
97673
15366
31069
23762
59441
2344
32379
81092
75012
38646
87406
96482
28271
92485
2669
32298
30120
61605
89312
40143
11804
48269
64115
70345
27634
54221
38875
88878
61569
923
80698
25937
75496
18712
86620
88261
65988
80290
57530
57082
57820
64209
66417
1416
34194
71899
22890
64150
5312
26291
45818
86309
17462
41265
51283
38192
98441
30503
62611
31870
80199
27265
69164
78126
84383
34237
35317
37449
90857
56751
95955
58219
72692
85245
25029
40674
4904
37933
28138
24672
94212
96260
20196
55572
39174
69320
37588
24614
72213
75001
11918
6962
91993
82161
43832
61160
19267
35234
56092
50788
76484
29849
19602
96471
70896
61258
8045
9318
99616
45453
62170
54227
34860
42700
25711
14181
99076
28894
62454
73384
18352
4173
60474
54994
40550
46327
58623
94410
54856
50240
84384
85309
11609
54262
16342
37177
90733
30301
75769
6564
34916
42483
53051
24166
88945
99452
40461
13034
88724
26236
88170
69845
86795
63793
97669
85394
90299
94614
11852
25467
15843
11497
64285
35982
70312
58899
83464
35307
10617
66602
43847
98397
74421
83489
62423
2899
43296
49590
58771
70271
47893
95897
17676
19764
34151
57447
43537
55273
40421
48683
70142
44780
28542
96642
5111
742
81983
49817
55018
37388
4370
86769
98926
62217
64425
53152
91198
34792
32380
42652
38089
20601
8041
72015
36229
52923
4157
70268
44098
26236
36237
61346
78781
57450
91454
54865
32437
78805
14523
66838
59123
76106
35726
21672
77873
87357
30110
71978
92513
13357
96678
23682
32338
24010
93827
10908
47893
7120
32333
44550
24836
47010
36702
23592
95024
77586
92629
82133
93118
5863
90673
15606
32506
43997
89419
87988
80205
98235
65335
37848
65781
88386
30500
26304
76398
15616
5687
33366
69433
57770
71527
22468
54077
65965
80137
98011
61089
22359
63834
38005
78295
39900
82657
17771
21332
48340
48753
466
41667
62608
17430
90216
78623
17065
93602
75801
86804
89497
57988
51796
76802
91971
99829
48844
62570
86414
16754
83274
12176
7878
88107
42511
43169
51995
13031
81851
57526
75844
4161
95890
76274
15502
45138
48548
64603
62965
57461
2697
2473
6884
48234
24835
94596
3039
67611
47754
86868
29714
92088
97928
92348
65952
39759
21625
35292
91367
9948
40887
16391
63665
31259
34255
16366
20160
60298
73020
55563
47861
56256
94063
71467
22070
36175
15439
59760
90281
73247
97350
24806
30311
72440
45078
67285
51794
1293
60385
2706
16462
28250
43480
72366
73228
39968
49423
58961
45067
69336
70286
89642
35636
15465
66092
39132
37515
95456
40539
13504
56077
19865
22629
59258
75031
30525
79060
80409
18353
62901
34859
21227
20128
82834
37026
35002
27502
40194
43772
12511
7522
49217
91110
94656
12479
71585
47040
80741
9043
76771
81013
52671
91140
86963
82655
28555
16250
39584
28921
20989
22279
96340
63585
68090
45572
17326
62748
91026
42022
14746
41218
74825
50730
13545
60528
22299
34665
5159
70071
31387
73404
60203
72186
89636
91747
17584
76837
43569
53199
25963
87274
50622
58007
8136
58138
91639
21144
12239
55782
49383
42446
5366
34234
18967
83483
92286
72435
15087
25069
61226
47292
8819
57183
57753
10689
17899
20241
94320
19209
26034
44975
72110
53771
30503
53828
95356
74672
25963
69101
71371
36007
72554
95905
8013
19946
89971
24048
44768
97728
66842
97904
42509
44922
60373
58190
22358
20899
2908
44298
91555
97381
92096
78285
77955
26223
14236
50093
39534
94295
27322
10784
27115
18642
45190
12584
31110
46429
95087
40636
40678
28849
63955
41877
99628
94008
66309
74727
44682
90389
99291
97214
91964
27745
17835
89677
4454
44553
99043
25174
76705
65643
52286
14617
50009
78574
24059
10467
60737
16364
10650
14104
43556
93231
71111
69812
77838
24029
35812
24202
92920
61403
63467
78005
36316
5203
69379
74959
14935
31714
25696
82068
3669
60700
20733
40263
60970
62216
64354
9904
68401
46421
68539
67420
4521
8660
73948
42385
3335
81093
8878
99147
79498
66878
4473
94044
92620
82231
42627
43133
29068
5231
94345
32639
33865
16436
65029
66885
25522
43031
57704
28552
1746
68311
70463
72254
57712
39095
25022
46718
46706
11857
3700
87738
77422
74567
89483
99150
70746
14219
48986
34742
40159
29975
89996
34516
69259
23451
25099
80902
51487
42334
84224
1519
66726
20023
30118
14094
4927
69770
6708
32455
26284
89328
99995
19066
63662
21593
9979
46942
43786
97195
62900
75833
24399
76183
26826
51865
29779
94651
69050
8443
24513
2831
18734
67794
71616
31196
77410
98781
58504
28603
74558
1138
94748
21930
50147
73690
81435
4130
7084
80925
59605
28657
44221
36434
30267
1481
62718
82710
83093
88762
36897
73564
90168
59939
99986
74756
49363
62411
81368
97698
51932
16691
73228
72865
74322
95978
68257
44071
70048
78147
81385
53271
6381
92162
20108
99285
88918
76134
57889
70789
25255
42856
32703
26897
47717
24714
46088
61454
23599
73987
29855
62172
27735
5664
56182
72018
93958
90663
25496
41507
48776
78159
94740
94205
90124
12496
27058
81256
49946
5108
53286
8626
99651
96286
12115
69569
65596
78300
81446
48533
84590
52202
69013
95282
3722
80752
60202
41758
67723
2591
4847
88262
57627
83918
65549
7433
73512
8128
65479
15276
81378
95172
64223
3263
37767
18872
54307
33163
48509
36807
58917
8195
28734
38738
46780
54312
21966
72897
12992
76753
86015
37256
56920
89358
30370
66421
47613
42087
72633
69188
91092
44018
99834
47994
19942
99838
75486
35858
26746
77001
62131
57479
77443
24498
99541
19384
45688
74095
52730
85429
5524
97648
79375
90915
6207
15446
50245
65351
66585
57249
13369
81383
76635
9936
10339
52317
93993
18403
78111
28705
64431
17737
64711
63257
93311
76723
22960
82113
36493
95707
11326
68753
4817
97272
36968
49162
48096
37532
77781
72984
44253
60822
63536
40116
41856
4900
5431
68529
22814
24918
16489
9180
27844
11750
30754
76920
6947
60405
46368
41411
11456
2020
38830
16530
88506
49808
34305
84098
48331
81037
37272
56173
13197
20150
80528
7428
54704
71839
74832
51583
54506
11631
41132
93248
7594
11393
47985
38586
89850
23743
27875
96838
58831
33928
77394
75104
58114
78772
12606
70351
91810
77157
21241
12273
65130
30048
53598
82874
52179
27085
17711
72712
34300
35272
10672
52097
94833
36773
59031
34966
58346
26635
98155
71298
51270
34168
44652
42023
40175
22513
72872
97048
24044
39566
97790
6476
73939
83682
1507
89929
11153
8344
59373
17876
23511
62607
21143
70004
9618
13928
64170
86198
46896
74072
65522
68529
8563
94473
45864
96719
14269
24518
88144
30684
70139
164
22880
66413
85496
25054
5445
10143
98672
35612
21997
55860
83577
93718
3536
75833
13423
10284
21736
14090
36293
74587
20883
49473
372
9742
20366
35789
59044
84537
33107
20845
71961
71823
9366
36207
58451
57122
40898
92105
35483
84252
53029
73395
32128
36983
33877
23703
53585
49656
8588
76848
90180
59924
5953
20715
81462
66797
11773
48989
20087
19093
58576
63088
68138
28917
60171
33460
99127
21983
62324
8902
27053
24205
22572
6688
60498
48211
93248
68693
68604
64154
25863
16660
80544
44164
9295
88967
13056
23033
70285
33384
12736
98527
47726
38677
96610
9093
37792
78670
46568
59827
53712
56747
89981
54508
1481
67215
37410
67207
42060
94263
84545
91220
66939
49768
52846
61058
81404
73795
88991
41331
75294
29617
61653
18864
67957
78242
57102
14500
33111
87538
73114
9874
99742
99941
41181
4052
40289
36891
77540
49215
49571
58137
93173
15395
20166
7669
70500
34996
95239
4953
36910
95805
21857
54423
41274
80621
9733
75040
65132
16172
55527
66049
68865
65258
66880
33073
65493
10272
69568
8628
60592
49891
90247
20966
88884
44611
24271
29946
65928
51225
54664
64943
71997
16547
79110
21914
52187
75295
47535
90277
95012
81072
33350
65035
86167
96200
78901
7685
1995
78611
59658
41334
6600
22476
17489
27138
19417
46720
73640
86050
89941
48917
7325
55042
30235
14291
51988
8496
63532
30926
43983
58552
98184
13083
40530
65739
57579
80919
68727
18385
47508
30740
65675
50967
86039
70521
1394
35174
88291
11328
93541
67654
10179
28299
43064
8360
63236
14380
64059
93359
92169
20487
15252
50373
43613
62274
67620
56183
21587
16955
89367
78469
32533
48821
24258
38583
63673
43907
20011
12232
7231
42237
90551
78544
92193
43321
88105
14830
85970
79876
36369
32208
12026
87752
44565
97753
22933
33391
96147
15728
30142
72086
31295
81183
32290
2368
4715
25751
11902
27096
23470
716
95959
99317
35258
44126
37783
67647
85197
91258
35079
23528
22723
68584
23498
64914
68654
51506
39502
74940
86874
15500
85976
29611
33719
15008
37246
65086
48486
86538
92360
17530
77937
71187
88251
73765
78961
61763
67909
35240
64301
95264
75441
64048
74056
38512
12877
56894
65193
51107
59067
28249
9318
58959
15502
21973
50728
41855
23968
64151
33145
52461
6490
28592
68623
49624
26430
72066
78614
52721
78334
31297
40701
43059
26493
77265
92131
65137
75541
67882
83036
76784
27398
57115
1189
98828
26258
78469
22071
11948
24182
1337
92761
6898
79424
95593
70801
95514
25061
47088
90407
36962
78685
78768
59870
15151
33804
53446
91088
72583
1854
39867
39562
29761
73570
59388
43326
97168
96268
74105
45835
54729
88571
97944
51304
54310
90798
54601
16764
17371
11696
19807
8362
20594
69650
45537
92200
85897
75767
58543
97598
3017
36200
7669
16960
29522
14510
28365
57976
85373
3154
96715
34331
80818
8517
7074
90853
13939
77505
38184
20367
93268
52018
34383
66649
16849
39521
18050
4541
18321
30637
20935
44320
61249
56462
22547
18715
1452
38459
38622
10132
8738
64198
62397
81287
1990
43206
98557
3152
85958
81499
95458
24707
8590
95471
62445
97164
48728
97442
757
48845
83545
22427
71272
28530
66726
92185
82221
46874
52220
44991
50443
3023
94537
91057
72640
38501
7766
23327
26743
81153
12141
65712
59654
52406
54473
7640
87853
33769
32088
47429
75913
50568
8454
23703
51570
43283
30095
68260
63019
9979
86864
62232
16008
72025
2149
88918
92664
39719
44470
2515
38022
65964
97370
55993
24938
60893
40154
40738
15650
16791
97772
98782
58461
45524
74295
40344
89895
51314
75861
68892
52809
81125
26139
42226
72783
90692
52424
45838
3063
18054
77816
57432
5672
92915
50531
5747
36331
7192
60777
25103
10024
22856
18896
71051
34575
330
52727
34265
17116
52513
23967
39134
1363
73155
38764
406
35592
33977
5511
33471
86448
83927
40136
93384
48675
26982
30271
25851
97085
64724
66238
86857
32026
7852
45012
90993
11076
30673
81688
95040
33036
54161
6976
38367
40467
51960
5262
29234
76304
84803
73670
50482
84158
28512
43468
52844
75851
16817
55177
24324
31569
86600
48047
71362
98417
9399
4501
64681
90723
10654
55919
92593
92841
37139
68574
46370
91550
35839
86953
9705
37270
86645
18876
99727
45843
1932
10290
2319
40114
68896
735
49600
83572
48110
47898
36410
89279
553
36798
14535
2509
48052
86979
77825
79316
95460
43376
97243
87923
94460
48928
15019
83085
82338
24106
98464
14713
15241
94215
94649
62860
36914
65020
55617
11387
91490
3966
43338
83208
18746
12723
99078
58537
25436
45326
66904
91014
61605
22599
48986
80379
20105
44648
95260
39247
49035
74783
72767
16126
29473
64138
31023
96473
58002
86267
92863
55849
80778
96339
91229
51641
16878
54915
10535
66339
57918
52701
81614
58243
90435
73924
81883
47132
48038
84741
37439
96693
2153
18331
92917
82898
39442
79001
94745
9925
71628
35681
97361
62114
16954
92925
99730
39823
70658
64583
45632
87946
30426
36630
71388
36365
3775
36302
94975
79292
15564
68449
4884
85922
64806
85886
29797
11870
30930
89018
75647
53737
50537
37250
4492
57730
6867
90178
43753
25077
34495
46106
14612
6652
70309
53369
64614
38893
40380
9769
53060
47365
70663
15134
75142
92714
68727
74123
25956
30323
18839
95987
75067
44870
75915
30559
72007
4256
14678
19156
49069
57904
23878
53778
26046
5265
93123
42945
99911
65601
2009
92099
86806
2908
5227
4025
30248
27475
39060
21231
47686
98834
17762
34681
39059
16884
97657
56116
81524
66535
42870
19222
37462
33214
26760
50041
6740
18749
81631
61649
31598
72514
45292
35713
84963
19544
82547
65782
6367
29643
41148
6431
20007
61194
1869
35917
98832
61045
36706
51622
55400
93110
1427
49895
50885
88109
57385
35800
91622
74283
68104
92181
36148
35754
48633
91509
86006
48938
30326
74409
22627
93365
78908
41641
13041
23635
44040
68231
10763
30366
84951
66933
17106
16770
66947
73528
44777
55244
87879
11951
40789
88731
76225
52719
59344
16542
27377
5222
39417
21877
47190
57242
84828
6861
7012
43951
95324
39475
99163
60037
32443
8674
15149
8761
11954
33254
1430
74050
55617
85724
61741
88250
30638
92125
77114
17887
9903
14636
92429
63384
12048
97565
41389
73437
626
26091
2023
4856
15729
85256
26127
12281
65992
96818
80595
93566
78267
69005
4082
47868
86778
21479
64374
70564
56252
51953
46326
78518
46463
57643
34212
80270
96715
12374
11342
16670
17245
9292
11612
3373
50591
27419
11922
82106
81606
93895
93352
74770
87606
24430
62370
47207
52712
41271
60029
51717
64460
16708
80409
3853
48827
58330
90526
48376
10342
15567
26736
19198
68671
74201
80784
44909
79573
35153
74095
29397
70832
87045
31724
49891
5332
5755
58864
22145
18850
40270
42164
64190
28379
46710
55594
7677
16293
34844
6777
95896
53052
1159
89109
62492
28281
98175
28461
47488
42743
27721
82183
15309
73283
69550
5600
56198
86036
38677
3379
54594
62456
57526
72838
43844
97719
63487
43382
7177
60496
46012
93495
15415
23477
53946
82472
89525
88843
63454
12213
61042
79205
16996
30343
3071
89777
28898
77213
76504
11633
34455
99920
9287
99175
65631
54226
92095
88784
28415
75615
44379
88906
13343
47194
34534
58478
61761
50710
29929
5867
91401
62000
69112
86366
78505
94487
21924
39701
84353
9344
34748
61752
93613
33416
10448
95127
57756
94770
87495
48570
62973
92095
22497
67219
63539
83580
71848
46416
39586
63698
85825
59938
91836
10495
97689
74757
7404
1293
57549
87240
15273
58888
18166
45919
16425
67296
5364
68084
59511
92212
40968
10517
10982
66888
14105
8127
49560
89354
31654
10704
97082
50639
17666
75647
67752
64730
22771
16866
38896
98731
90278
45221
98516
86238
10441
6933
57954
30677
85836
87380
15881
57372
92042
5292
94885
2138
84282
10728
27093
69087
70352
91854
23217
72235
29681
16601
30754
49956
54236
26199
558
54229
41479
33240
464
9928
12704
22175
81318
13037
88305
58524
30160
34472
69647
8705
31198
76120
42275
96465
43294
27429
57778
94263
18757
64731
38105
96259
44160
69994
32600
11970
94322
79336
48834
9840
54614
21306
21225
7478
17290
3449
14525
22133
88038
33732
83610
98802
12888
88123
37500
75927
55023
2672
14229
38995
72451
17040
74415
44554
60194
87931
17316
78119
57576
19194
44094
71061
75490
76696
85888
9372
77307
84384
41878
36247
83160
57198
67595
45279
61038
29667
45972
81986
50967
97010
29443
50276
10874
15650
98583
99445
18640
92532
88915
56172
27709
24229
28564
65661
43356
35829
85303
59686
37470
62045
34443
28086
43746
52786
80155
4661
87476
84088
46965
37024
8501
39719
96734
66995
85244
44164
80444
88977
18278
45101
55371
36480
62715
93
94469
48846
86897
87961
36599
32470
1882
17567
72043
90004
27041
37051
44717
17039
81176
66137
72083
56918
8162
58921
78277
74565
23849
30400
40109
73296
49139
67333
9852
14720
26725
11758
77298
19240
65345
18602
93194
60627
55009
12755
86973
26311
75794
18244
92210
20467
36121
9706
31992
51371
35438
90328
19823
65391
98281
17461
94419
72527
47078
76032
13038
38692
58694
84330
82510
96279
56077
15877
52190
39816
42546
62355
92936
94987
61386
4277
95639
33134
20739
42125
47900
93332
18790
78996
68051
25930
53201
24401
44358
48688
81596
94877
21360
60477
68139
30687
62241
87357
73726
90374
56476
51475
82001
83866
78518
71796
68352
99176
81404
80220
25945
75391
26538
92649
13658
66701
22805
72600
58105
60178
77061
35056
367
77768
83097
68285
71724
55042
92377
92092
16007
24731
70297
56227
87657
86968
62514
20655
38987
6177
73259
18011
5544
82905
14409
5996
17420
18065
29972
34214
39683
67566
41189
31572
63362
84454
42827
7542
30623
67223
9506
5680
20156
44296
31771
94096
12826
16268
40932
76782
97207
48929
43761
48068
46372
69321
55209
11055
94937
2027
63808
19360
55901
92836
41650
89643
58019
61411
62887
15635
71176
19546
58341
14747
62496
75802
8019
43447
79385
83900
73444
35728
38077
39816
3511
92138
99860
53229
3191
2856
34586
43104
84573
35940
18746
15577
87286
11546
6664
1131
48015
46830
25355
3612
48711
64715
29525
10454
57723
27057
84297
35864
2575
73265
6611
32486
93796
87530
40261
85299
85028
90374
36984
71588
61220
35138
32836
907
72129
9000
33297
55792
37217
95892
61456
97277
31555
2210
14849
51770
21100
40838
37689
25940
16809
71329
25019
28796
87036
52249
6902
24058
10454
53410
96768
31478
47493
47387
90372
29116
46003
67474
65750
48414
73960
57536
78747
20042
16311
39096
45546
57901
35340
37724
27705
8348
24796
73245
8901
51989
15351
98054
14742
7192
39319
93964
22476
46238
65201
19851
22085
12062
37995
27808
3607
79442
7316
79759
16639
30517
93391
28099
49254
8712
23787
3887
69196
9723
49342
80149
92622
40990
35599
71195
74542
45528
21422
56707
40086
27153
51140
15955
32066
27500
54877
57772
31501
91235
6474
14204
68366
42715
37718
33068
20050
34726
65715
2856
47354
90024
20023
74314
69925
6509
86752
55825
38139
94960
29499
3406
60858
44366
99420
58023
96191
77996
31579
67480
45757
35758
17876
63533
92707
73723
73106
75416
53044
67150
61717
63772
45560
27538
45260
96799
78654
27630
75213
46951
39852
50503
47115
63110
80759
46721
26126
96550
74807
78350
21524
93626
28010
1597
22438
96146
90472
29539
36397
11770
82961
42513
51787
38131
16099
78887
89838
34921
47038
67890
90435
54103
13520
18941
44592
76734
87723
37417
53050
44905
6127
14610
72397
79589
67546
89995
89710
80188
93686
51442
64289
77580
62018
64318
26316
1861
93785
67486
89779
29870
40648
85138
66849
39500
59587
26136
71954
16099
45576
30910
91329
1063
36755
6951
48980
65891
31086
84343
67191
92261
91753
58233
54334
36732
30573
63434
75933
13235
69312
68484
4538
77749
28471
93499
4844
54838
25789
10799
9582
23675
1667
3564
43779
28065
18902
75891
12585
22457
65417
93195
38769
93963
61233
79784
71842
10207
97517
25436
74389
93887
14266
29302
61357
32407
12891
54088
22042
27855
76486
18050
42662
7284
26283
21098
27048
13280
80517
74292
17476
16075
8987
32851
82741
45356
55395
49501
46132
49322
58157
271
96532
55393
11377
33471
71062
28161
42374
36287
75952
42994
59170
95875
40878
20079
3377
99443
68966
47473
24599
37441
98286
1081
71112
93127
85949
71691
43642
81970
71002
57660
99460
55363
49629
92727
92793
35470
30594
71410
59866
67767
12827
311
5008
75763
72262
16960
63741
29465
88944
10460
92945
93461
4150
99462
70251
2431
60190
64330
94227
45544
22780
2104
25288
61970
45043
77296
89713
47417
39494
97590
75546
71695
82864
66452
22799
64882
50941
19938
8284
86973
34600
94931
53356
12161
31016
94679
91108
29934
85777
76294
58671
28021
75051
53802
7363
72813
95169
57487
23668
77103
20948
97705
26063
52580
73481
2388
15287
9029
10576
11321
63764
81078
79968
2992
78351
34905
80706
69187
94108
75770
39639
8245
13216
84244
2664
44530
69743
32275
42836
12157
33898
31666
87011
23495
94720
99934
3631
91331
51337
43954
63184
73801
8370
41383
57285
19311
16670
1634
44527
26484
63105
51648
10624
3776
79739
45614
97056
84548
38384
71566
1147
35766
65947
81422
14006
64114
37804
62322
49615
49663
42834
12695
6476
10383
36920
44571
52699
91902
30433
67301
38956
12094
50312
85038
66841
54550
24985
82908
8263
80965
13384
45137
13887
36360
15192
15177
22578
59443
23693
24445
809
4384
36310
80462
30114
96786
28101
83529
40938
34054
38445
47135
92608
93016
6235
25838
79123
33464
80017
71677
48769
3972
98467
9579
1646
33806
70638
93812
93564
32243
95807
36007
4635
82879
22908
17345
44606
56927
66100
37099
94268
3416
49147
31238
96671
10137
5811
2902
20862
99921
12083
17595
14335
18432
27679
73320
76342
78282
15476
14250
10319
85045
90854
34174
4538
26654
54121
76194
67645
58133
37154
90889
94982
31958
4822
38102
17065
43650
33773
26411
68351
43502
51880
53052
58271
89359
62427
10334
62221
89531
28524
69365
318
47548
87188
95351
83915
76695
89453
15651
72571
14537
52496
34356
49650
60360
92833
15126
41363
26394
12830
42474
34434
77192
70925
38028
99566
47631
20065
58710
22825
32549
25129
37096
18719
87450
57818
73461
18504
28434
59407
26635
50369
6019
5955
58848
78968
44476
82937
99263
31941
76707
46059
66491
42124
19551
27187
41675
94225
93750
65366
16902
94352
43593
74409
45819
18630
87202
72519
28637
86923
68613
64017
29300
17893
61062
78842
20529
59413
28196
55527
13677
39573
94368
9438
58434
21436
19064
95358
1555
26466
41845
19344
49045
84433
35102
99941
78172
39640
97354
45434
25524
68705
15469
1866
86773
12256
51479
49954
54359
3503
81320
60104
13158
47458
29316
33964
17430
65132
9237
92888
46581
95724
26739
90465
9668
44778
88533
70176
10595
41295
91908
29461
95273
55213
25730
73696
66195
82406
8161
24326
38611
21950
22910
53165
27090
81960
25983
30753
78440
13431
48114
15793
97622
26642
54379
85438
69903
6767
97246
36039
34530
41758
47524
60034
66615
18984
49640
35306
12542
58464
56218
66732
13328
28008
89590
76584
85935
52475
80362
23244
77625
17477
84722
48881
2853
70941
24775
46572
53810
66375
1570
95822
54887
33559
79315
42406
91995
72974
14261
41073
86769
35487
63896
40783
82551
39347
47827
66835
27432
80325
97782
9175
73277
83082
55379
64421
68594
76269
4908
24180
69308
70537
30142
70752
39821
80869
12170
56176
51923
72196
54169
57575
86178
37145
14012
66694
4
18462
53938
9966
54316
64530
79798
76190
46089
43074
19268
80696
77540
37686
41175
25670
73411
61172
89974
22949
81072
81731
60810
96387
87698
83420
77976
11882
11806
6326
28603
53713
15676
91768
89278
24056
71264
81542
82965
60376
61144
3482
88052
11579
91487
91175
4394
40114
65834
5763
72646
25071
27535
41531
17689
41136
48551
73534
82449
11984
53920
58324
13583
57085
95617
60979
74757
25009
56732
12168
17980
77191
96194
44529
41251
29800