2345
1306
6034
3258
3254
4836
5425
4011
1464
2944
3317
988
4075
9567
1847
7973
2716
4910
5192
5992
6301
4216
694
5165
402
1590
1983
3729
9288
4890
3845
6924
7855
8023
8719
2360
9753
2925
8945
9772
5289
3657
677
1019
5243
2114
8673
1809
5623
9019
6582
4937
4493
1227
5545
4537
9017
8370
5805
4510
1788
5080
1682
3898
35
6760
5754
8075
9584
3610
2394
61
8919
5989
7357
7898
9115
8841
634
9820
6337
8617
4366
3480
3634
5742
5013
439
5914
1582
9533
9534
304
4560
6346
5003
4184
2883
5647
742
9236
8789
1032
5328
5389
3222
1544
2027
1357
6632
2765
8259
8363
2016
5241
5738
3382
3356
9570
620
9146
9689
458
7721
7859
144
5678
6188
2094
641
2664
4018
6826
5100
487
4185
1078
7174
2292
4199
9490
8232
7839
3474
375
7126
2529
4953
4007
1129
5965
9225
7834
3245
8483
3947
9552
2673
652
5968
4577
4348
201
90
9339
844
8718
2618
539
730
9269
1975
8079
3368
4680
348
9682
8400
8608
8442
1655
4504
1624
8726
190
5019
1230
1734
9825
4917
1458
865
5983
4012
4058
8364
3362
8249
796
4902
5383
5592
7704
7249
372
8573
8387
3217
6498
4986
4632
8645
5838
6878
1603
2438
5134
5593
8457
9427
5344
994
7106
2426
3173
2888
791
3544
5281
3403
685
1344
3045
3723
1947
2303
6845
6275
8183
5860
6868
2962
6067
3780
9768
1966
2687
8271
8783
3099
3864
9497
1007
9375
5850
638
8529
9841
2815
9193
8999
8366
4438
5898
6255
4255
2926
1406
4154
9207
1214
8910
454
1620
9847
523
7093
3735
360
9763
4176
6505
2297
9159
8792
5391
1951
9382
4763
1563
7103
238
5107
9898
5493
1916
588
5686
6872
852
936
9804
9151
2683
5565
1978
3275
6671
7395
717
964
9881
6050
8686
9559
5888
2320
289
8559
99
3174
5698
8236
7454
514
1069
7727
9131
9609
8043
4026
1782
1954
5949
2270
5866
7737
5229
4831
83
3944
8046
6541
2197
9315
5390
9761
1283
4948
9198
9311
1992
7102
8977
9403
648
1260
4733
2877
8625
183
4898
7146
3597
2977
2655
7682
3510
6972
7032
4095
4963
6822
6323
1881
1259
3070
8198
1139
8926
9013
1550
3401
9649
5002
6674
8380
4140
4103
4489
2185
598
7933
6410
3281
3167
8288
6083
6595
814
2037
2121
4594
6968
1741
7587
5367
624
2241
2119
8458
9366
3417
769
7340
3813
6549
7111
6885
5961
8207
1765
6381
6695
1664
5630
8175
546
6926
3846
6588
3528
6164
2310
4780
1911
3250
1787
4363
9515
7043
1965
5751
6834
722
9747
739
3069
3421
3963
3697
5364
139
6339
7809
7410
2929
9459
4484
2132
3726
682
2009
3515
5806
5504
3444
2206
1353
5796
2963
9430
5942
6190
1089
1964
2441
755
3291
1475
4215
5480
8015
4072
7632
96
5043
7531
1600
3180
879
4849
5615
7538
8795
6470
3205
2343
2448
8384
9798
6184
6237
4299
2475
4333
7713
8600
968
3361
3411
4383
2846
7539
5452
8672
6263
5909
8537
2338
6772
2804
3148
4408
6018
4705
1573
7994
628
5083
9000
2628
2216
2148
9466
923
4287
5673
9844
1539
6501
3290
1680
2567
6262
7750
952
7304
5140
6385
6178
6583
2330
4605
4324
59
5069
2101
5580
72
1750
4629
5183
1375
5198
3202
7158
6915
7772
3545
7269
6902
4584
2021
6575
8410
3684
8740
4546
4611
8975
7115
5413
2909
7826
7741
892
9688
5535
6125
3404
5426
6398
9438
5335
3214
7360
7519
450
6648
4744
2087
6881
998
184
1084
1585
1639
2201
2992
9478
6689
6309
5494
7989
1957
220
2023
4355
7712
390
4718
3140
4172
7786
7521
8315
8839
8605
8585
2293
8390
2651
967
8086
5763
8793
5012
3295
8678
7253
9075
5691
554
9743
1358
7235
4877
8847
7074
378
9502
531
5172
9693
2994
2306
7909
9545
7824
1972
9330
7775
1062
4696
4315
1201
7668
8069
8202
4110
1806
1163
1307
9428
9540
4237
4509
2788
4425
4760
6767
6747
5582
1159
5053
3405
1392
8125
6526
7698
8836
2163
2938
5310
962
349
9175
5656
6682
4666
1288
889
3537
3141
2381
4700
153
5410
7964
676
9047
9301
7124
6929
1241
9072
5047
9788
5262
3216
5276
1986
4233
4167
4860
6946
5174
4630
1914
2427
9362
8931
8905
2681
5981
8964
1452
3889
7446
3752
9526
2799
4423
4361
9219
1373
6054
9589
1641
3023
4498
4386
9239
2444
8419
3594
2227
7886
3366
3636
9418
1050
8506
5342
1095
1805
2738
9501
3519
3707
4257
9481
7702
2464
6268
9018
5439
1778
3945
4735
9811
8707
7307
5760
8657
4162
3084
7511
7358
8557
6613
7769
3817
6393
7083
8388
9063
8112
7762
1333
7830
3623
6640
9607
1365
2835
4391
8651
473
3504
4317
4652
5070
8941
3191
1650
4373
3163
7919
4580
2665
1130
2911
7918
9422
7394
8428
9487
8220
7881
1326
6349
5655
6901
2760
3371
8536
8658
3589
7552
2546
7453
1099
4599
595
3354
7282
2548
3702
3449
1803
503
7814
4694
7733
7608
3239
8940
3059
6833
246
4604
506
2656
8622
5594
2727
221
9101
5205
3426
5184
7466
25
3280
9102
1491
2408
8311
8758
7404
3613
8438
8563
3168
916
3689
1834
2863
8126
3370
7139
3339
7997
2451
1884
8042
8669
7329
3277
8122
7650
4778
1718
4039
6827
4041
98
4825
4834
3856
7714
9562
5729
1461
6659
3551
995
1428
2557
9105
4662
5330
6359
5541
9077
7376
6721
5218
1263
9021
1299
9030
8648
1589
9187
9022
2930
4684
4114
1457
646
2516
688
9728
859
2336
1885
8535
5683
2866
984
3155
5143
4908
2232
9635
1958
8656
9872
522
894
1864
2509
3046
9372
2116
1651
8124
6705
8507
4725
3862
4798
9046
2454
659
1686
7270
4053
8823
4298
4514
6869
3936
6294
6226
3728
4868
6920
3521
301
2824
2508
5014
8139
4144
6035
8187
5509
2705
3125
9767
5282
3887
6288
7960
3410
37
7336
7549
5986
4122
4886
3066
2852
7086
7619
3296
9148
1908
7584
6952
795
9473
6357
775
1835
6107
5960
9067
6454
9532
7266
6316
927
1886
2164
9308
2836
5767
7634
9621
1450
3637
951
3809
5840
4135
4084
2777
5705
9324
4213
5803
2025
578
5774
69
6493
3043
2309
9111
445
4727
7052
4491
8832
1327
3614
5620
7759
4548
1888
354
3179
2398
3883
768
4362
2764
705
6310
792
8312
6478
6858
2821
3386
7157
3090
7863
7651
9395
9157
7328
1293
1717
1820
8878
457
9625
3343
6476
6111
3466
7418
587
9493
1581
6611
389
6802
2117
8100
5921
4505
8416
1325
8067
8241
82
2280
7012
1064
939
6072
2927
2796
630
2536
9720
5489
543
6935
8041
7560
6373
5688
8116
9056
8737
7969
4242
7910
485
530
8519
400
6829
6967
4347
5446
2061
2543
7582
1880
4749
6068
1433
2562
7322
5321
8860
7320
5557
7767
5612
2017
8030
3348
526
3429
8297
6627
4486
185
353
2654
4174
5624
7189
3485
1715
5606
370
3469
4410
5947
6537
1090
1419
5308
9558
549
3195
2648
6775
9232
8784
7119
5496
8277
1268
7016
7104
643
9784
9035
7876
332
8821
5299
9696
1882
3787
9544
347
7700
4260
3487
9161
4343
8247
4277
191
1383
4123
2302
6006
8659
8580
6916
2780
3204
471
8888
8473
6816
3398
2328
1995
2809
3517
7099
3701
5051
6812
7595
9896
6052
2729
5732
2019
9686
9166
5706
6545
9762
2718
4198
5123
132
9109
1427
910
1199
2414
7377
4414
6419
6870
7153
206
4775
7208
8685
4177
5868
4565
1396
3322
3626
9742
9310
4321
3472
7689
5991
7150
8715
4307
1097
5529
6939
149
6532
6701
7161
9745
3876
6279
8341
5901
944
9149
3308
631
7974
2689
9677
6492
3928
7141
1402
5106
3592
9447
545
1836
9160
2455
6610
8181
6605
4141
6677
6740
9819
3778
3557
2096
2036
1240
9517
3869
5030
5207
9829
1187
9444
1376
230
6008
5499
5394
6732
199
9054
7559
513
8833
9838
8610
5116
7162
7622
2358
162
2368
627
6678
8285
1155
3805
3359
8199
6114
5910
5537
3278
574
5268
1290
5073
9306
4139
7017
532
6412
6606
8327
4676
9852
6636
2483
1652
2333
5498
8638
7524
9631
3358
1739
4192
8874
1833
405
1014
1516
527
3564
2091
3513
1195
8225
5224
6069
5971
843
3012
3766
5994
6372
7529
1494
8098
7571
5447
8278
4094
4125
5351
3497
6849
1341
977
53
3741
5952
89
9153
6193
1810
3797
8773
5642
4866
5206
1756
9900
3379
6646
1901
8934
9272
462
7050
9008
4511
8085
1970
6422
2743
4769
6256
8933
673
2026
1236
4732
7272
7945
3016
2316
6085
9283
8104
1435
5797
6076
3309
1698
788
6680
4057
6543
552
1434
1866
1612
6512
8569
8912
5027
9195
5662
8653
9569
6587
9396
3115
903
1409
2861
3833
320
6612
3956
8728
8706
9650
9527
3596
8045
5063
5726
3388
8161
3791
8492
6857
9739
5092
7069
5845
3047
7033
937
8033
8522
5275
8863
9862
786
4581
5830
6556
5699
5511
7258
5222
7877
7782
5790
9449
3996
8903
1482
6249
4181
2476
1009
8516
2614
2296
5882
9266
3730
731
2098
3516
6996
3227
8984
6862
2748
8064
2572
8006
5603
1266
6200
8840
5210
1577
5657
6405
4397
9746
7477
1776
3744
5319
1063
8262
2395
2640
954
4681
2437
799
8989
157
5639
3079
5591
5782
4051
789
3381
5928
8666
9304
2500
7306
5429
8263
6104
7345
1317
6757
4639
8954
9723
5787
2008
7860
2692
5061
5166
2890
2638
819
7586
5550
2661
6651
6567
8620
1469
5045
9145
5190
6270
8859
5939
512
8337
1840
2466
8141
3330
1444
6557
8994
4826
2275
2712
6137
2285
4855
8893
1411
8191
1219
403
1152
7507
2067
3859
6348
2082
2284
5296
29
4981
9703
3819
7472
5508
3968
8338
3323
9133
2409
7995
9155
6681
5202
3835
2768
7605
6758
590
1519
4200
5421
959
4934
2670
6745
1243
8949
8778
1447
1237
4316
9587
6585
4029
6797
6836
8022
4413
1066
2031
1113
656
396
9716
2001
7924
9214
5225
6219
3661
6448
2966
6954
1439
1723
770
7652
4754
2313
6484
7092
8321
2576
1859
9090
5771
5843
178
275
732
912
7134
4252
7470
2267
1442
8465
9548
9142
256
946
3087
3233
2304
2540
8143
7065
7706
2774
8117
6999
5728
5443
6314
6873
3425
6490
5518
2145
7214
9002
9683
4960
170
5501
9510
5277
1297
3852
5598
5911
8734
4970
5067
6317
6421
1666
9789
993
4116
4897
5456
7101
9273
4467
9456
2970
126
7343
8070
2637
3063
4320
3458
5108
4709
2288
8300
8800
6804
7264
1547
472
2558
743
704
6529
4128
2219
622
5414
9412
8137
6676
7869
617
4621
8554
342
4133
146
219
2442
3706
3671
3197
7751
4160
1487
7779
5457
4759
1328
268
1689
455
3442
6443
6139
6633
8562
158
2210
8953
5384
8661
4402
3822
8433
6539
7303
1389
2556
2224
5832
4312
8720
5355
6075
7164
3994
2851
9603
9848
44
8464
8352
2879
8440
1005
2271
760
896
1075
663
2691
1430
8233
6283
7847
4701
4048
1862
4068
1510
1837
6350
429
7684
5131
9731
7091
9808
4816
4787
8664
3428
2172
3556
536
4533
7567
8239
1743
7499
3437
7970
4342
2787
8671
6135
9715
6728
9733
4507
8791
5579
2631
9180
2880
3100
2532
6520
6048
1109
9223
8916
64
442
305
2844
3567
5151
6368
1323
7172
7616
5154
1037
5316
1304
3507
9536
5831
486
7953
7311
5892
7010
9001
6401
8834
2268
4379
2735
7666
2421
2659
614
8174
3737
140
1906
653
6057
421
6148
8582
3294
3263
8855
8049
5696
7186
6408
1004
95
7334
2784
443
4956
2868
8216
6860
2561
5161
280
5636
9246
5974
8353
3041
591
9078
3939
1731
1648
5917
9215
4909
399
8164
3695
3801
5600
3057
8422
187
666
4225
5245
9672
8918
689
9659
3578
6818
1893
1096
9373
6594
5847
4430
6817
8212
886
5785
46
4436
2215
3378
3837
222
4844
2802
4811
9130
5056
9849
1815
3990
9574
1364
2469
4178
1378
1286
2598
8432
8504
8269
3176
3113
7327
6565
1575
3302
4022
974
8482
9398
5098
4634
5517
2887
6805
4120
5057
9135
8527
7228
4771
26
6847
3969
9424
272
8134
990
7734
8071
2505
9663
5157
2299
6942
3769
6331
4194
7399
138
2522
5084
5345
7136
8760
6113
1745
9861
16
4470
9665
3972
4060
6438
2243
1511
7492
373
7056
3051
8340
6544
7673
4819
5464
3762
6002
707
4651
7347
2875
9565
2834
1484
6723
8222
7633
7618
8932
4259
7629
9884
426
1203
1408
3357
8587
9234
557
9230
7191
2344
8865
6464
883
3598
3854
6727
5950
110
4768
8152
6489
2014
1708
913
6746
1210
5379
7308
2724
2359
1654
5118
8596
9006
7927
1738
4157
2366
6628
7426
4938
5020
3725
2903
7506
9592
3840
3718
6579
1879
5648
4169
5608
2842
683
3927
5294
6700
3970
4494
7594
895
5862
3119
4291
5024
2776
3285
7806
7212
838
1197
4390
7465
3942
817
1630
2228
2805
3761
9499
6245
2592
7087
7576
559
106
1679
5487
7488
7892
1607
2122
282
3786
932
7367
2047
4168
8764
3860
2912
741
2045
2895
2554
8301
4929
9228
600
4892
2371
4544
1917
2405
2248
5690
3327
2923
1473
1445
3899
8765
5711
8683
9104
4295
8868
7248
8619
9432
4602
9637
7952
7730
2759
8108
8604
4796
9186
2972
6208
1040
6384
6417
4932
1860
798
735
1999
4434
2424
9581
8583
1855
7019
3067
5576
5629
3563
6861
8548
7014
7747
4023
9262
4827
6519
1284
8780
3738
675
9572
9718
9644
2584
9252
8201
266
8266
718
2459
1759
6703
6457
2214
2406
4554
1681
1909
3004
8160
1606
596
7735
3669
9360
1924
4675
8711
3924
5360
196
6835
8304
4188
8846
4415
4823
5113
7140
790
7041
3266
3156
5779
9870
7068
1534
9113
119
3040
4686
1567
7883
1781
5292
9158
7135
1044
2388
2279
1377
2731
3795
920
1157
5837
9464
4359
1988
441
3532
7312
5682
2051
10
9535
765
1636
9316
7697
6709
2115
2092
189
6121
7661
3246
1597
8697
5211
750
9256
9325
3653
8154
2262
7591
9237
2173
5792
6347
392
2942
2011
2356
4010
6569
8814
1602
5844
7342
6296
4710
9854
7749
3986
5366
8961
7783
169
9167
7339
6040
1052
4119
1747
2758
5441
1426
276
5524
197
6736
1867
5552
2491
6240
3060
9027
1665
816
1631
8819
6715
9281
5260
6683
2897
3771
5799
607
4226
7982
3753
7448
4062
8334
2486
2066
4998
2452
2514
8797
1797
6480
141
3921
7089
6175
3286
1
1693
3098
8592
9092
1674
7386
8771
6247
125
3960
1321
1748
3101
5450
5387
41
2107
3618
6037
3625
6027
1194
3715
1309
9462
3313
1553
7677
2194
245
3325
8534
9794
7950
4440
867
2798
7011
9645
3588
2321
7764
6258
7563
9827
5788
2816
9332
3574
3338
4561
3827
5875
5819
2818
7906
691
6078
8461
6668
6488
286
5201
4376
446
6536
2339
7756
9679
2363
5419
8163
9231
9458
948
5156
5748
4540
9140
720
3631
3463
5059
6049
6194
7623
4284
3479
9355
284
6185
7114
7002
3647
2004
4210
9617
8493
7391
2034
7036
8790
5631
5255
1300
51
703
9826
8291
9781
1994
1234
5124
3700
5996
9379
3888
5870
9390
1694
3847
8417
1727
4876
6451
1935
5146
8495
2379
2594
3209
481
5993
334
3946
6340
8192
1574
5442
3477
6675
1242
4839
4924
1018
5749
6725
4578
2065
9172
5848
3867
6116
3483
9279
4429
6912
2032
958
5733
7509
6867
805
8870
6338
1588
8261
9367
5839
7007
6694
8002
1436
6101
7848
8350
9100
9479
6461
4405
3991
1415
5307
8966
9243
8303
5570
174
377
4944
1493
1035
6571
2281
1521
8295
8627
8138
2495
5175
3548
1302
8437
8709
8302
5670
8319
8670
1033
860
4773
240
2075
7035
1117
4536
5416
8371
1646
7022
7236
1921
6318
2105
2607
4206
2347
2046
662
2169
2653
8427
7380
5755
8391
555
3073
6404
5757
5313
6471
4748
8520
4180
5219
438
9505
2964
8004
318
3646
5234
7835
4112
842
1474
983
3269
6227
5427
6191
331
7024
6957
6007
1761
5702
4446
5420
3436
1697
5704
5495
1587
9796
7013
8675
7053
1055
3170
9776
6211
1937
4551
2443
4871
4431
1277
3133
4835
572
7672
3092
2884
3396
6020
1932
2291
3136
5614
8867
5710
8852
8770
8065
4406
6173
6119
5759
6813
4223
433
6837
1623
6854
3310
4830
8286
8816
5650
7142
6210
2803
3966
9537
947
7630
1280
639
4156
263
7541
8374
7911
1794
9122
2878
4697
9168
6371
3270
5873
9164
9553
7644
4757
2750
6134
9108
874
5786
3503
8635
1226
7948
1462
6803
3628
2187
4013
9138
9583
9179
1616
941
2696
6099
1181
8541
4096
4750
8488
6167
6993
6321
4283
8762
6510
4949
2717
4888
925
127
5679
6456
7437
4925
6450
8731
6033
6243
734
7879
7643
180
7297
9415
528
9554
5032
1262
5284
1453
4562
7090
4476
3375
8144
744
1887
4132
3422
7030
2080
3112
8325
8540
3995
8952
2948
3641
9880
6254
5693
5610
4776
9222
2551
7461
1878
1583
7194
8339
3181
2282
4409
6098
1571
4572
1968
5578
3044
5039
4865
9613
1979
6244
4872
4607
8062
2762
4601
8267
8640
2160
4936
9436
2619
1188
6132
6399
151
6570
8712
2361
8510
2482
7179
9674
6981
5534
3912
5004
2916
1106
4137
521
8475
6574
1145
4049
371
9538
3943
887
3172
2463
7888
6475
4021
3242
4150
5406
870
104
9620
8982
7596
1653
7832
8382
8858
4290
9714
1725
2193
6506
3962
4772
2472
6542
3560
4322
4212
7526
3520
9726
5637
950
2881
8436
80
3987
65
262
4913
4065
434
4036
1134
3937
644
6693
524
4952
5765
6166
2085
8003
7771
9523
2453
467
9295
6066
6123
8564
8176
4852
9387
2277
470
5237
6615
6840
3751
3243
3682
7583
6783
5602
3225
8184
6207
5158
6550
930
4726
4542
9850
7275
2142
4743
2680
2234
2435
3453
2103
9363
2625
8360
1141
1774
6832
6322
3471
8050
4378
1206
1313
163
4899
9334
7610
9754
3891
8538
6774
7047
7807
8375
1467
1701
869
2205
9687
6235
4730
5616
5352
3733
3923
4441
9571
1170
8937
2072
4683
8746
3573
3792
7170
8571
5236
9817
3461
9500
3111
4882
7201
376
4345
2538
2627
9086
7852
459
7965
5137
7946
8779
1252
7823
3226
3824
6058
8289
6180
5926
7390
3026
1459
4690
8724
3768
4360
5828
2703
3182
8901
1735
8448
1922
6559
6982
7889
9549
5423
5719
1733
4853
9089
7487
3783
3565
9388
8486
2295
3034
6884
9401
5879
1507
3538
3190
7901
2720
7505
1167
7330
542
8742
9845
2566
8705
229
3831
1728
1336
9212
9293
8805
311
5997
6801
7555
4590
2747
5707
5424
3495
3570
7447
2246
142
793
9717
4370
9350
7489
461
3169
520
3460
1367
4275
706
5822
1133
9684
8843
9708
2755
9074
5327
7987
5977
5455
1120
6465
7072
1319
3427
8398
905
7242
1362
8240
4017
7930
3380
2384
8700
2569
5346
499
1363
2524
8480
2165
4451
3355
2504
6109
1168
1601
3351
1105
2382
3941
108
6292
6074
2324
2767
5590
5403
6436
537
6530
203
4444
8743
7935
3432
4766
3189
9643
3288
3770
1233
466
5216
6071
9033
8642
3920
5750
7362
3212
7707
5133
8206
8185
2869
6079
1729
1301
3670
9859
5955
562
1899
2493
6795
4159
4818
4928
9653
9026
4915
8646
2146
8218
3627
2140
427
7077
2170
2591
9719
5085
3037
4954
4249
7873
6604
2391
9210
1896
619
9787
5596
3074
7338
5246
2978
5764
356
4033
9599
7341
7631
3692
8013
7075
534
9573
6042
8272
9365
9309
1845
6103
56
725
4218
4005
324
3916
9238
893
9801
1944
5880
6369
2952
480
1700
4479
2745
5559
6820
8213
3793
7079
9504
5
3048
558
7819
9267
6158
2917
7425
623
8628
3583
4519
9369
6726
7094
3932
3988
9590
131
3705
6460
5163
4880
1045
8634
5397
6887
4356
9405
560
8135
2713
8208
4043
5730
3418
1046
5315
1830
5001
3369
4449
3481
3922
4869
8882
6336
719
3893
2904
4950
6719
2265
3042
6091
6670
9681
9296
2264
9582
3259
934
3096
4319
9556
6241
8142
6444
5634
604
3055
8234
4201
2057
5599
3949
5273
8896
7522
1135
2990
297
9628
6090
4300
5269
3129
4631
357
9143
7938
8631
8561
9024
6161
7908
3814
9082
9005
9834
227
3118
4404
478
4990
4202
6306
9173
6024
7218
1161
2933
1758
6645
3207
7207
2159
7097
306
4069
3131
3527
1529
4501
5528
538
6439
3901
1690
7149
7966
9322
5122
5712
8935
1826
7653
6702
6177
8759
6197
6224
5077
71
5864
1804
1289
2419
1618
6344
787
4966
5784
7398
7259
4173
6272
2354
6304
1257
8088
807
681
8057
6734
7125
9864
856
2521
1594
8813
4269
4711
1279
186
3467
1198
3509
4111
380
7222
3304
3166
7818
4658
6714
9120
4303
2069
2269
4751
2998
2934
8533
8807
7354
3350
6479
7433
9467
4583
2139
6899
2995
4205
5783
584
2810
5008
8775
5103
2848
8083
4155
7711
9057
3478
3451
6718
8842
1256
6865
5905
2123
3194
970
6022
8613
4485
6919
5404
727
6495
4884
1898
5761
8862
589
8776
585
2568
8827
9410
5999
5506
897
7500
7015
618
4400
4673
5451
3555
8606
6209
1915
3595
2263
4979
5302
6425
4912
8703
19
8822
235
4657
3694
5936
5251
9727
394
7333
6366
4471
2609
8769
972
9795
6073
6246
4146
5388
8420
3639
8474
3882
1784
714
8602
4564
5801
5076
2307
4729
3423
9061
2149
781
1027
2974
5756
8973
4976
212
335
6991
3360
7348
8654
8576
3602
8383
207
6287
7599
751
5941
710
2457
4534
8320
4529
367
2125
5228
4792
2612
511
1036
54
2052
7325
902
4074
1126
194
6717
8968
1372
3683
1942
3072
9337
397
4266
5878
6278
7405
7475
2586
6497
4265
8796
8993
7471
3810
4335
1559
1593
5746
8359
4293
9888
3238
4126
1100
2610
2630
9169
2276
5093
5877
7252
2725
8992
7237
5433
1345
492
6159
7870
9691
7227
2608
8621
1823
1854
7606
6095
3680
2749
567
8732
1140
7429
3123
7277
7520
9732
2254
5573
7575
8265
3434
2218
806
8691
971
1443
3534
3499
8725
384
915
3662
9885
1080
5462
8038
6685
697
7791
7688
8545
7963
5802
7181
6562
4463
7680
9579
6917
8397
3287
1483
6295
3512
880
6455
339
5159
316
7853
7026
21
5923
312
1393
2742
850
6853
501
8200
4999
9797
1404
7169
4480
6710
7626
3260
8172
4728
7278
3850
6564
5836
1877
7967
6341
2959
7642
4025
8744
4516
4304
6787
9633
8727
9176
5625
6003
3374
949
5491
784
6560
6658
6463
277
5265
7241
5896
5477
7861
8460
4704
2056
4987
1001
5934
3018
1962
9566
7833
6810
3665
3785
4942
6679
9889
8385
9205
7045
73
5943
8929
1730
4109
8777
7314
1716
6566
3035
28
3622
107
6163
310
9756
5988
7025
2325
509
2707
313
6093
1359
1568
9508
7929
3199
8641
9348
7039
4961
388
9084
2312
1166
5393
253
1265
5665
8663
9185
8115
924
2090
6970
5513
758
1714
4314
8072
4523
4566
8401
3319
8981
4777
6025
594
692
6741
8766
6900
7703
961
7512
7778
419
12
1110
4197
489
1338
7916
6781
8544
1410
2423
7984
5727
9287
1538
5816
6973
3108
7040
4453
1449
3093
1177
1946
4837
7729
9393
3620
611
2174
566
88
5354
8243
3244
9455
9528
6965
7905
1530
4458
1811
7206
5867
7754
1108
7902
100
24
8084
254
3708
1407
6023
9221
1395
409
8542
4782
1496
2526
3349
7942
3799
5740
4302
876
3607
2012
7459
8009
8584
7566
737
224
8698
6149
4271
6769
4702
7283
8485
6831
2058
877
4054
7932
7811
5099
5876
5609
2411
8418
8052
2420
6133
6905
9300
6821
7291
8214
243
4805
9451
8958
7187
8061
9594
6937
1752
3872
2238
5060
5167
4543
8946
1472
1086
6534
1912
7959
2400
3668
1429
1091
3127
6428
1057
5329
4841
9265
1160
1209
2221
5431
3818
3117
1292
351
7177
7233
4273
5483
6281
7171
5567
2049
1267
782
2542
6015
9690
1083
9201
8598
9610
1468
8809
6047
4230
4454
3089
3600
8411
8883
7274
4720
3153
2902
6445
4079
2635
9802
8425
1334
7232
3849
5966
7535
8680
3094
1948
4664
9351
5607
3305
9216
1980
1977
4071
3868
7849
5395
1132
5741
5341
7337
969
4838
236
1525
9632
5538
8739
9406
81
6637
5372
2968
8854
4163
7674
1949
9203
5422
8290
7460
5548
1659
7663
9564
9542
4482
7815
740
7293
2621
9461
9181
241
9516
9782
7580
9897
1245
2084
672
4530
9331
5869
580
296
7503
9218
2038
3010
3559
4024
1678
5181
7323
3337
6285
2782
2991
223
5179
6303
3686
3188
9809
1271
7695
3587
4152
5522
6533
9377
9805
4971
1533
464
3654
3897
6056
3615
858
2024
5180
9043
2351
128
5613
4622
8511
7246
4153
637
6328
9136
9580
8394
1791
645
7578
8566
6418
2967
6874
5820
3663
6735
8531
2679
5407
7154
7912
2155
6045
4227
47
3800
702
3781
4867
4643
2645
8837
9440
4824
8844
3650
2886
2286
7556
5170
1863
9206
6416
4945
812
3268
1617
109
5466
4190
3452
8415
9096
1422
8736
2613
7961
979
6011
2624
2700
6423
8081
2908
8489
6500
2666
3586
3152
2552
8105
267
7060
9520
5560
5000
4477
1381
2754
1119
6065
2413
7129
2579
4538
269
7875
1137
7213
7787
5720
577
3065
9725
2251
7543
2947
1285
6010
2135
1216
5975
965
9670
2470
1215
4861
4975
5540
2130
4800
5252
9842
8227
4617
3952
85
6403
4753
7840
2541
2722
3116
4770
4595
8008
3579
505
1649
3300
1744
453
9531
601
6192
9651
198
4688
7262
1273
8798
7098
3328
8886
2278
3655
3078
5247
4806
9522
9353
6737
1993
3081
2973
5240
4417
9874
3971
8674
6420
7947
2587
4941
5209
7988
7694
4829
3758
6041
8877
5976
7570
161
862
1668
3383
3213
2422
3605
5500
3274
3145
395
3703
2179
9284
3316
5849
2403
9846
4840
3264
855
7598
2110
6218
4121
9106
4203
2644
4161
2239
6762
1082
6434
2601
5913
3691
4528
8959
6329
7664
4310
5361
7281
7627
5692
4352
5376
1812
9191
6459
9299
9163
8167
7846
6280
8509
7008
1318
8087
4635
1856
6514
2771
4250
1349
4118
6706
5037
5904
5127
7156
900
6620
237
8972
3412
2010
9441
9619
6094
7646
5895
2734
5908
3027
6062
9399
3130
547
2876
1591
11
4790
7260
8722
8880
7438
7310
5884
9509
6442
2260
4737
8521
5622
3811
6814
8215
875
2714
7978
2828
1876
7005
6568
6462
4253
5587
2599
8365
8897
7059
2283
9041
3535
4070
4878
7725
7710
7536
3659
8188
9623
9892
4520
6773
5411
5402
3062
4555
1480
6531
1613
5708
4338
483
4874
317
9305
5964
2702
7544
4968
2151
9568
846
8716
2778
2874
1002
2751
4756
4285
5920
6572
8955
2315
4978
3218
2003
5758
5709
8111
3331
4593
3419
7411
3774
8761
1554
1070
4698
9349
5618
2289
6986
8921
3082
2314
2040
9421
6753
7444
7004
9833
2477
7745
7061
4747
6353
6179
4296
8147
7816
6389
7143
8462
5604
2941
7038
3284
2772
5861
7789
832
8254
4465
7533
6229
4136
2928
9347
167
7649
2048
5627
6060
9654
674
8426
6474
60
7765
3630
845
2574
2461
9769
668
156
9595
1144
7675
6910
303
9189
5072
831
152
6509
5676
3585
4000
6608
5046
7247
5747
3542
9482
3547
6630
2723
1974
1560
3203
1905
2918
33
1348
6739
3802
6156
182
6511
2006
1691
3926
1053
1224
4556
9197
3446
2732
2577
148
6908
8614
7435
1869
5766
3077
4712
9446
6625
101
1532
5102
3416
4592
8294
4786
4522
9840
1034
700
7857
352
1626
2534
945
6198
3688
4222
3656
2005
2663
4692
7324
7221
3200
5110
7113
8526
6903
2642
2485
3126
4571
1000
4164
6290
579
2177
7726
1213
1895
1399
4234
494
5018
4278
3903
7299
9751
3005
3019
84
7821
2042
4231
1891
5090
5525
4610
9824
3164
7349
2832
4885
2919
3457
2247
576
1246
3114
4076
4808
3794
177
8226
2387
2582
6284
4685
2362
3321
3352
4717
7294
5982
6824
1675
8818
4263
7261
1611
6893
2693
6487
9774
3873
929
1189
2487
837
7647
3918
8036
757
8660
4452
3459
6891
8324
1351
8478
8235
4774
6392
9144
5011
6791
8696
5912
2636
7046
270
3007
7243
7514
8131
2708
4488
783
5311
9227
7897
7758
2245
6577
1186
8704
2308
7865
4016
820
8447
4900
1732
6157
1291
661
6988
3749
4859
2369
3490
9470
1173
9416
1171
1250
6286
5800
4848
5488
3137
5325
2417
9248
8804
281
4992
7615
9450
4539
5551
2585
4847
1071
2752
4124
4042
1060
2432
5854
479
9877
3282
9785
6426
2217
3790
4813
8624
8733
2634
86
8005
3931
2785
2685
1984
1101
7463
2797
5318
5132
2195
4183
2113
6274
5948
2367
3820
917
7305
3590
5193
4597
5348
4393
1431
8276
6960
7601
9313
6155
8911
2715
2675
9162
3083
5668
7288
4328
9524
6949
2981
1712
8601
7188
1783
2739
4251
8361
5197
8453
319
1026
935
830
2605
8127
4521
1518
7121
7331
4645
5254
5259
3038
4500
9045
6647
8730
6496
5040
5714
9675
5777
407
3447
8356
9128
133
5126
9810
2550
7080
4256
752
1384
7255
5925
9821
3539
2326
4478
5381
3424
9638
2641
274
3139
5815
1003
8512
8123
1838
4558
3475
996
3690
6947
5213
6716
2188
5049
1176
4820
7808
4421
9025
2203
6017
5531
8591
5212
3760
2870
1174
1193
933
3394
6890
3951
2200
105
5304
4492
3161
3739
1800
5155
2492
1609
3377
4004
7070
3935
250
1773
8898
5353
7722
7774
6106
491
6603
5899
265
1269
5490
420
9183
2626
4104
1247
5035
6308
1873
4098
7926
1526
2860
359
7564
3900
2786
7983
7667
8395
1828
9209
5543
3731
551
147
3601
938
4789
8924
6440
3851
3838
6293
3604
9439
7944
3866
3871
4483
8012
5577
5152
2079
1742
8763
6619
6673
6763
5769
5434
5232
2182
9614
78
7476
3974
5814
4394
9014
6748
6784
5280
6387
5278
3491
8611
2178
451
8812
3843
6257
5250
5125
1818
771
3788
8752
8856
4598
8944
2845
4171
1356
8133
217
684
5745
5619
5417
6953
2820
6892
8109
2590
4906
8871
6143
3473
9016
8550
1471
5141
3430
3234
851
8037
3053
6663
8347
1842
3632
2102
1275
4063
1515
849
3220
7165
9648
7801
5530
415
7498
2450
658
7057
5398
8590
6806
200
9630
5617
609
5841
745
4795
416
8909
8639
4138
1115
2250
3318
8316
111
7292
1340
5680
3273
298
27
2144
7724
2676
6055
6382
8179
921
2837
5644
565
7592
2682
6600
8552
4603
2905
2549
7318
632
1625
8445
7317
997
5809
4633
5890
9429
350
9576
5658
4809
7716
7828
6617
7067
5117
7406
7686
2801
3414
1508
9799
5375
9247
3745
2862
8102
3896
9354
6230
7794
5194
2688
7696
4784
5547
9335
7845
314
1025
7000
8568
3685
2410
4783
1851
4739
2622
7825
9486
9513
1017
1596
878
698
1276
3775
3326
2211
1421
4788
1335
5684
5290
6181
1579
712
9327
8757
9831
6271
1599
5846
726
2499
6013
4955
4389
3976
9707
1556
3030
287
7761
975
1366
4689
5516
5300
5889
592
2553
7225
7593
7740
504
6979
9890
2171
6513
9792
7263
2639
1294
599
3599
2440
2261
5549
9891
7998
6896
6553
6319
6430
7573
9685
7127
2986
6100
8835
5009
5382
8253
4524
3052
9064
7403
2671
9386
612
8107
1989
6452
649
3777
7468
4856
361
7428
5087
1136
7494
818
1722
9192
5823
9477
7900
8643
8430
8668
9735
4261
5605
3821
4765
4922
5919
4105
6400
3772
1416
5074
6592
326
2208
2865
762
5469
7797
4810
7788
8456
4354
4351
5635
1755
573
5628
7896
2950
4244
2593
5038
7903
4191
8136
2331
1102
1696
3540
6656
8367
6764
7485
3219
6978
7193
8772
7985
7657
1175
888
872
2436
1061
1546
1883
4294
7076
5574
1692
2726
3863
5130
5301
2240
8392
2817
6363
3184
3857
5088
9873
909
6770
30
9843
1558
9858
4585
1092
2850
8490
5932
8151
2158
70
6786
1706
7802
5725
3875
8095
1557
4422
8998
7654
6909
3028
583
3711
980
9356
3409
2081
4090
4113
5440
8745
3342
9724
7257
4670
1352
1322
9134
9123
6580
7871
5244
9514
7568
9
3465
2252
1509
7420
5645
9224
4127
4008
2334
7999
2255
8826
4158
724
2595
9615
7138
5744
4672
7062
6205
9343
3215
1832
1403
8444
1158
9065
7805
1963
5853
8168
3524
1768
8342
5967
2416
7723
821
3128
4055
3667
3224
7955
2611
808
4517
1380
3364
3638
3435
6494
3526
7495
1065
2823
8281
2329
2053
6187
8747
4513
5066
5564
4982
2502
2996
6638
5412
2581
6367
6984
8450
5990
8632
4001
7147
1369
6771
9336
9291
6051
3779
8197
6136
4258
529
540
5136
2120
3643
6750
329
3329
5872
1699
6578
1440
2213
1586
5337
3877
9229
9338
1038
7216
8581
1332
6945
8667
6933
1486
9068
3577
6914
8950
87
2900
5114
1138
3029
6597
9480
5220
7280
9277
8983
8019
2770
9170
9660
2137
2357
5177
5736
1098
5776
6216
2030
5048
3271
7880
6547
8829
2773
1971
145
2525
337
3292
1775
1244
6153
7851
423
5081
4807
5091
5715
8810
2733
8403
8454
4650
6561
2124
5334
1303
477
2988
3248
2311
5536
1780
8194
7628
6667
4450
6643
776
5272
2133
9602
1629
4334
1569
2955
2564
7637
2212
3719
773
4574
6160
8306
9290
2822
687
9378
9640
3906
5743
5191
4541
5486
3345
797
7335
4923
8314
3982
4208
3648
5101
3221
2826
2853
9642
8502
882
6342
299
3009
2111
6851
7753
2319
7817
4327
418
6799
516
5242
8555
2819
9495
5718
7921
1212
7168
6467
1222
8180
2156
5798
1361
1710
40
4490
2736
8219
404
5701
3462
9837
3241
8594
345
6026
7588
3606
8193
582
9511
50
5958
6397
8329
3890
5722
6046
7284
4706
5972
568
9125
4502
5359
5094
9361
1347
7690
2560
6326
4420
857
7387
6959
7736
2629
4384
5006
756
5189
1010
3511
5660
4374
6907
3722
1633
8150
4927
7986
8298
2434
6352
4977
7914
5086
1852
2350
1039
8887
1642
7441
3158
1220
4037
4695
8891
7120
5739
9627
8710
8476
1926
8922
5365
7364
2385
6928
1746
67
3724
9680
6931
4045
4553
1204
7813
6906
8665
709
7510
3187
1249
7504
2439
1190
5470
1572
7790
6122
463
5985
9171
3049
4497
6838
1850
6053
7131
7923
9750
1789
8242
8103
1481
113
8162
3376
2507
1801
5119
9196
1451
9598
5343
5104
1695
1088
7481
2059
7980
7145
1528
5078
137
9489
2071
9049
7085
2898
1772
9491
7781
6921
3340
1379
9618
1067
5445
7244
3036
1928
2701
9541
9088
4654
1857
4959
2658
293
9775
8252
6895
7224
7981
1969
8689
2506
5995
4741
7450
5900
164
3146
541
1506
6415
474
642
6225
7359
8976
891
2386
3279
3014
4245
5266
5566
7658
6239
5544
8293
9240
3858
4281
1669
8060
8875
6162
5717
1042
5235
863
5263
4636
4984
7199
9052
4567
4046
6150
6792
4395
341
9790
9384
7928
9484
4286
651
3171
5897
7810
919
7449
5385
6486
8603
9211
5569
2294
9460
5922
6059
2867
7458
5408
5285
2517
8574
1779
1816
908
7034
4947
3301
6841
8017
9899
8238
4973
1990
344
9409
2763
74
1667
824
5034
3895
5386
3836
6846
1661
2365
8572
3812
8828
4311
9263
868
5583
4027
4716
5199
4
7640
955
2162
9448
2237
4638
1200
7894
3681
5874
2233
6516
338
3919
4346
7562
5780
6302
2935
1580
3989
7827
7375
976
3054
5121
9358
6380
8435
9765
3523
5401
1527
1094
8068
9786
7064
9152
9286
6269
7956
9233
4496
5357
4547
1342
9156
2983
6391
5097
9383
2604
8676
8530
1824
1769
4989
8211
9297
8318
7300
3673
6259
1490
8021
488
9199
6515
9605
802
2050
2078
3229
2510
6365
5677
5526
1604
6948
7422
6335
5810
9317
5162
2602
9425
9126
4799
435
1576
1548
7445
57
4387
5871
1331
6925
5581
6315
7417
1394
4677
4921
1997
4793
5428
8579
8237
308
7692
6070
4914
3415
3389
678
1287
247
1720
985
3091
650
4131
815
7479
7055
7617
4270
6356
2565
8481
1592
8389
8121
2300
8221
4187
2872
171
7388
1933
6168
7954
713
2039
1114
7473
2390
4254
9639
1900
9876
9359
6995
7408
6313
1456
6332
1561
8713
3828
5794
761
4557
3347
2620
8939
7368
8362
6994
4862
2512
823
6955
7160
8618
8986
3651
2939
1902
2976
4894
9815
5396
515
866
2710
3384
290
2744
2353
8368
9182
1523
4569
9561
7530
1008
4579
8652
6855
6182
1549
7561
8369
6236
5153
2429
8556
3978
9098
9692
4531
5144
9294
7436
8317
8026
6250
2112
1684
4469
291
3732
9177
1960
6472
5959
8028
2893
9119
8853
5633
9241
7812
6276
340
7660
6231
4988
3121
4815
414
3324
5339
4893
1955
1632
3159
8094
3061
1470
7155
17
4620
8035
5164
8322
9050
6751
633
6485
9600
6212
4626
5502
3185
1370
3306
5935
9408
1614
4887
4803
8205
4734
417
1939
8284
7920
8463
211
1874
9498
4881
1424
4399
2035
5479
3249
5532
2537
3162
7205
6432
1417
2698
6378
428
4340
2857
3138
8500
387
124
1248
4663
9529
3039
7842
9420
8256
3975
2274
4445
8799
6730
7550
4064
1298
5142
1354
1388
2002
2859
8443
7130
9453
3149
966
2606
5231
135
1125
7027
3235
1713
9701
1128
1172
7279
2364
5865
7195
4209
8090
8547
1013
1030
8479
7073
548
4742
6796
5303
7603
4974
6386
91
3629
6591
2885
1628
9249
9803
9577
1931
987
1952
4224
7574
5563
430
8051
2709
3804
9575
6586
1841
6019
3177
8466
7414
4082
4907
5572
4067
425
3678
7176
6260
3747
6433
7105
8097
68
749
3198
9042
294
9070
2054
5886
9519
2074
4447
129
1031
6446
8988
5694
6652
3395
3311
671
4648
6932
468
1270
4353
3675
8997
7173
7301
3568
7872
6552
1228
1868
4930
8753
3353
7785
2180
8283
3032
5956
3314
4085
8404
6195
9705
5054
8348
7518
9371
914
3767
4229
6199
5654
6424
8406
6573
9124
2855
3
696
1202
7037
2496
5484
9271
9525
4506
1827
496
4341
4330
9442
4822
401
8907
8636
2235
6704
7250
9342
2570
8781
6859
2547
3107
2993
4905
7493
4239
7407
5659
8838
3373
1819
2913
3959
7862
118
6768
9060
4918
9381
8257
3124
6599
636
155
7891
9471
7223
5852
6629
8996
5672
3894
2958
7798
4392
3874
92
5835
8336
4464
8132
8899
2223
7379
5703
6176
4656
5562
6228
8943
7058
4846
9394
3390
4031
5178
8928
3120
4151
6351
5007
5556
1253
7455
8702
4398
9496
2830
233
7752
4080
330
3720
2204
4679
398
4965
165
1687
5326
4217
9118
271
5585
2789
5129
5512
1360
3977
234
9551
9759
563
7202
8956
7993
8767
8873
544
9550
3908
9141
1397
6614
2545
9694
5646
6383
8059
8714
6206
1504
9586
7638
6203
5885
8001
4279
6491
660
3530
4365
8513
36
1685
3698
8255
343
8170
2070
7315
4707
6289
5437
2253
1012
9656
8248
9213
9012
8948
4475
1191
5467
9488
6743
2375
2257
6297
4134
4550
6087
4149
374
901
5105
3721
7369
7838
561
1150
440
2460
7031
9154
328
4288
2889
6894
6596
4221
3664
6958
2984
6691
9190
3714
9103
8251
358
3208
4083
4653
8308
5214
1505
8258
3553
8514
2686
9766
7020
9368
8517
6686
1925
9596
7907
7917
3253
7133
3593
3506
1432
4972
7744
766
406
1448
3367
7990
8309
2073
2462
6032
4624
2412
9036
3439
3058
3001
1006
8808
3334
2095
4568
2181
4802
3572
3915
5481
2769
6504
3454
7537
6038
2932
8421
4433
257
629
5973
9097
7400
2430
9836
5957
4762
6641
6662
7313
8114
5937
5200
6644
8616
2301
7452
3000
7110
3566
6684
3297
5804
6291
2086
168
6866
9588
6589
8655
3633
8047
5362
447
911
43
3496
4715
1808
7793
4693
1107
6898
9202
8110
9778
2327
7396
4527
449
8750
4246
3757
2317
7718
7799
626
1223
759
7230
4336
5264
7486
1405
6752
6904
2488
2249
7440
8687
2407
7163
7976
3561
6039
2808
7501
711
1274
7190
6388
6790
1153
733
1953
20
7635
4238
4637
6780
3742
8501
7296
7569
9646
1704
3262
8129
6330
1463
4455
3261
3543
1904
8609
2129
553
9730
264
3612
4736
6429
2352
8699
7895
6911
9345
1740
6110
5089
5685
2099
8148
834
7480
228
4170
763
1477
1702
4262
123
9830
2920
7803
2287
5856
6014
4985
2667
570
4587
49
4687
926
2318
6969
143
2728
989
5435
5497
3143
4508
5653
2779
1903
2131
9709
8280
8729
7332
7597
1386
3488
2373
1184
9346
3315
8985
6724
1497
8679
7693
5160
2847
1751
9150
6618
8377
3569
5651
635
3265
3257
9032
885
2089
4166
3999
8549
8892
738
5697
2528
1786
7439
1673
8189
9260
9208
5595
4380
5324
5931
4946
3550
9029
6374
5374
8016
383
9706
2484
6333
6029
9661
7931
3938
2083
992
3948
8815
1566
8270
8505
3619
7669
484
8230
5773
3025
1531
7874
5279
940
8525
3134
9476
1940
564
853
9437
9851
6852
5373
6151
7210
7899
6044
6897
4078
8246
3505
3965
1400
9184
6842
2256
7636
3609
3710
7434
6005
9254
3885
8335
4077
1961
3183
928
9110
1374
8031
2945
6375
6117
4106
5448
7180
9507
6407
1499
2951
1663
8532
7196
4220
6307
2060
9855
803
826
6650
1938
6320
7975
4381
6325
6390
6441
3983
6128
3193
5195
3102
4087
7604
4367
5737
9426
7326
813
1211
7676
273
3666
3964
9139
2298
9344
248
4833
6102
9475
7968
7804
1079
3391
2097
8372
2603
7728
9417
5891
3529
2225
3740
2341
117
2503
1683
1849
4028
8310
8708
8756
2953
4318
112
202
8330
5539
7095
8355
7925
884
4996
2833
3839
6355
8925
9258
8275
7182
2490
6639
3892
6142
7508
9076
7132
8313
2660
9062
325
5475
8824
6077
9402
7267
4487
6548
1870
4731
3252
5881
4994
9242
1021
748
3372
8076
2147
1861
9397
7350
7265
5068
8684
208
8825
7416
3095
7858
2790
5626
9783
3884
5297
6517
6395
8018
2573
2915
6469
8177
422
9655
655
4665
6411
3392
8802
4647
3658
1670
9137
8503
4240
9329
9468
251
4545
4659
9244
55
8158
4052
5010
6063
8063
6483
8231
610
9474
533
2662
2192
2954
5380
986
9669
8787
8963
4147
6409
7290
8224
3293
9832
4368
4219
4050
3085
3068
5291
7844
1225
6264
8923
4325
2305
3514
9814
2530
5915
7887
7464
7940
5186
408
2827
7683
4920
2446
9058
2975
1127
444
4573
5168
7112
6299
4437
1495
9667
3832
1023
1016
8056
2864
39
6607
4582
1846
173
8811
2956
7890
3679
9828
9641
8032
5138
9004
63
9755
510
34
7904
6879
640
1387
3441
9302
1910
4600
7885
2669
2523
2588
8010
6755
6742
3015
1316
9051
4646
8785
2404
8612
1178
4535
5588
1466
6377
1605
136
9326
7607
2189
150
1103
6345
8196
4708
2697
3865
4714
6634
1991
1619
3746
5938
6394
1077
9608
410
6963
2126
2600
7934
7856
6334
2812
3468
2480
5575
2028
3402
9740
4875
1985
6358
657
5944
9389
1420
8528
3591
6468
7356
2377
1793
3621
8468
7831
6300
9031
14
9275
1570
379
5432
1492
7423
1705
7841
9555
1029
943
7648
6800
7665
7220
4442
7402
4559
8223
7159
307
8786
4591
6876
5182
6830
493
7979
9312
1051
3470
2741
1802
5150
9839
323
4040
1305
8885
7800
5363
4236
7792
3687
6458
172
9217
2969
4625
4313
6172
767
45
5248
3750
1555
804
4337
6563
8034
8402
7843
5356
500
2020
9741
1920
4764
9866
5561
1476
3251
9087
5458
8165
6004
1892
2583
5223
1677
4857
508
5713
5521
5859
2478
6733
3905
8523
3784
6623
2597
5817
3387
4669
7238
9352
2924
7049
9882
5436
7393
7528
6976
5482
5473
686
9652
4723
7717
8000
7525
9860
1831
2498
6759
839
7175
1798
8782
2695
2756
8146
7547
4879
690
7662
4883
5807
1865
8586
3531
4644
5978
7361
3961
3844
8169
8803
2393
6844
4613
7837
1622
1251
7412
3549
2793
1414
3925
4755
210
9806
9636
4228
9341
1795
32
4301
8264
2161
1598
3385
8830
9822
411
5793
780
6220
654
7295
5505
3727
5286
5064
5042
2104
3393
6985
8305
9250
721
5293
6521
1315
6927
368
6785
7609
7443
621
7424
8850
5903
8332
2957
6882
5295
8055
8741
9671
7184
9443
9370
5378
1637
6692
8857
2840
3933
8434
6601
4412
2791
288
9757
7469
7108
9678
8178
5350
6518
7474
122
5338
7123
1121
4297
8748
209
9419
1552
6364
9878
9303
9454
7001
1116
8487
9318
6527
7545
3022
2226
9779
8979
3408
2949
1754
7309
8637
8405
906
5274
9657
1156
9883
5430
9226
3003
7023
9245
1501
431
391
7044
2937
7589
3603
2399
6144
6248
1073
4015
6361
6654
6642
4842
9894
7152
3980
3522
825
6499
6665
8497
3175
9752
8439
9380
5924
7378
4032
6825
4851
4499
6944
7372
4388
4385
7051
7701
9081
9289
103
899
5215
8379
4101
2062
215
8093
664
8203
9015
1676
7373
7854
2829
4642
8357
9893
5772
6720
6000
7384
1308
2494
8414
6584
130
9593
1043
6788
48
5980
4641
9886
3151
5148
4019
3581
2891
1923
6031
3954
365
6977
9270
5336
3272
6030
603
6413
8260
4268
1943
3186
3985
3929
385
3231
4073
7867
7421
7457
5029
4821
4503
4779
9512
9737
8876
6
2982
1647
1608
4575
4148
822
873
6864
1320
7483
5962
8913
6711
4044
4933
4794
3645
7478
5050
6590
8459
8020
4722
8970
9073
4214
5267
6950
1967
7795
9066
9333
4182
7268
8346
7006
6481
102
2943
7882
9773
4655
1757
3829
5472
8593
7565
3848
2781
1936
6140
225
4609
6130
3816
6576
4093
9259
5454
8688
7777
6201
9793
4034
4997
1998
1049
3541
456
800
5185
8623
4858
1498
4276
7553
9760
7254
9457
5821
1368
7579
2456
7546
3807
7137
3525
4627
5789
7748
4703
9697
4186
8677
3709
2022
7374
7239
3712
7581
4428
2355
1640
8890
3400
7746
216
495
9546
9116
3734
5667
1425
1239
3914
7878
8694
9729
6655
7611
3097
3413
519
475
1540
3303
1438
4232
6001
4305
2397
5340
9038
75
6265
2191
991
8914
5021
412
2323
1024
6080
2533
4339
5858
9604
7245
3076
2677
9578
8567
2415
9823
6938
4377
1839
6602
7949
3736
3228
9816
6217
3397
4102
8044
362
4804
5036
1165
1719
1122
1437
7678
3132
4473
4781
7732
1118
4030
192
973
8409
699
6502
3017
8171
2445
1930
1146
8930
1542
7527
6379
2342
6951
5826
3796
8908
6376
1112
8040
4289
3993
6789
8942
3011
8024
1020
1578
6697
6131
6554
8096
5589
2258
9257
7624
5022
4009
7409
2374
9869
7884
4466
4618
7496
6956
1142
5775
6528
4940
7572
4864
3904
6941
1261
7048
4797
9307
8155
7513
1645
6525
3341
3716
2449
5781
4619
5951
4640
8244
5392
1295
7671
7321
3211
5681
525
1644
1897
5555
13
581
8738
597
6766
7298
5584
8299
5558
801
502
7939
3830
9220
3056
4939
3674
8499
3021
9585
2370
4099
8156
4515
6021
7366
6877
1726
9340
6631
963
1162
6687
244
1205
1976
6277
5112
2596
1929
3886
9597
7234
77
8936
5687
5953
315
5906
3765
9472
2980
1296
1621
3484
7691
6535
4357
2266
5930
6756
4719
7096
4331
497
3230
2166
116
9622
6427
7427
9629
1235
569
7836
8820
5907
8467
8662
5946
8788
5998
9274
8245
5476
1264
6145
4142
2231
6253
4993
3210
2646
2873
9863
8904
8039
9037
3033
8092
8399
6435
4443
5065
9188
4526
1164
5514
2431
5542
5663
2571
94
6189
6749
2632
6298
507
346
6738
1927
4740
2513
9374
8373
1799
2196
1391
498
3616
2775
2961
9591
3696
1721
2792
2694
6664
6793
898
2093
605
4761
4889
4407
670
2856
5520
2389
1455
2154
22
3223
6883
8543
9777
7971
6657
7534
586
3826
7532
1703
8701
5916
9445
8692
5643
9807
1255
5377
4439
4667
9857
9276
3997
7659
6233
2465
176
772
7681
4814
2894
7251
1385
1282
5833
2997
5465
1123
6934
4097
4873
6843
2839
179
6913
4401
7829
7385
4832
2616
4549
6154
3855
8128
4280
4089
777
1207
7151
2167
8496
4323
5230
8690
7639
9107
1208
8831
7705
1996
97
593
2186
5256
9391
8130
4396
7289
4035
3332
861
7178
4682
2348
1945
9174
6170
5005
9080
5270
4059
9112
6871
8957
8491
2704
2055
7996
4980
9298
6088
9865
8186
6311
6875
2033
9400
4870
3110
6983
4791
2199
729
7231
8393
4828
4891
4329
5347
1817
2899
9039
5669
8578
9292
4738
4863
1355
8906
3178
4586
7590
9132
9127
1179
2580
5461
2766
9713
4957
9435
5071
1149
7577
2794
7382
6609
8927
5176
279
3502
7054
4195
4371
7709
931
4512
6839
8413
3064
5023
3298
4426
2668
1229
6152
6776
3445
6943
7
7211
3518
7419
8113
8449
881
6202
9664
6936
9028
7491
1770
8633
2150
2044
8947
9099
7215
2907
8900
960
956
3552
3508
8498
7523
8326
2690
6850
2843
9856
2737
3881
6215
9738
9771
8693
1982
8209
6808
413
7517
3580
4143
4983
5227
3878
1330
3754
1595
1753
2535
5485
6522
5791
9053
9431
4418
4108
6661
469
7109
2985
2652
7018
8323
6974
8292
38
1072
9557
8484
1813
6097
1711
7796
1272
4462
1047
1829
8980
848
181
5111
3759
239
9121
2892
5173
2041
8228
5309
9010
2721
1339
8007
8229
9364
5829
2007
8066
7107
5954
193
4020
2800
535
4349
2699
5147
2649
5933
8149
7739
1371
5283
2337
195
5770
7370
3256
283
3247
606
8345
1821
8615
2838
6598
9465
2190
7383
3853
9539
1068
6138
1346
214
828
6962
4086
5079
3704
4904
981
9813
5026
1545
3088
3299
9129
9699
753
226
3147
7192
3554
840
1454
1343
8333
2910
6127
9624
6406
3815
3806
708
8801
571
2029
8539
1688
1238
5115
1894
7431
8565
4532
4850
5271
1672
9700
3763
9770
6343
8157
5863
693
7540
8794
9702
8011
5239
5459
2965
5527
8995
3006
7456
8472
6889
4061
2153
3154
4615
3677
982
5095
6581
9800
7641
8754
8524
6129
5444
1413
4332
6997
9328
255
9780
2783
2168
890
2511
854
2831
5370
9034
8274
1512
8331
9095
2730
6998
1643
6546
6473
2672
4100
2527
5510
3456
8195
5405
8396
1913
4460
8027
774
2555
3050
5258
1382
8861
9357
1634
9469
7185
5734
5460
7229
7285
7352
1350
3693
1015
3103
3558
3635
6698
3489
4117
6186
3105
8879
9712
5305
120
2425
6961
9835
9114
3407
9611
7515
7009
2018
8307
8159
4678
2433
7166
1875
4326
8695
2479
2531
2706
9278
8721
4721
6126
3640
9385
847
6251
9721
2015
4481
1218
336
9791
6782
5322
3020
249
5553
6362
3967
7029
3144
1792
1709
2589
3776
6626
3002
747
7943
9543
9744
382
9695
9411
4623
9320
7687
8119
1536
285
4427
5632
9547
6124
2971
5515
8378
7071
3717
8470
1500
1059
9194
242
15
5128
695
7742
6096
6453
6653
6540
366
5238
5652
5768
7442
6669
3652
2467
5834
8182
8967
999
3842
9235
5298
4919
2458
4995
5369
7392
8343
3953
6043
3934
7316
309
460
9423
4576
2999
2501
381
8287
2674
6918
66
292
841
6232
7720
188
5554
9314
175
5188
1638
3798
4911
3808
4457
1488
2143
6267
5409
9404
6713
5893
3611
4364
1844
2489
6012
6507
4896
1522
8494
5601
1785
9612
1941
8990
615
6754
2230
2136
4435
665
778
1766
716
6593
2207
437
2854
4196
1131
1737
9887
9020
5586
2076
3582
9085
8412
7868
7217
779
4241
8120
8328
2946
52
5016
6923
5640
3823
2372
1760
1848
6708
9165
1329
3104
6930
6312
3902
9704
2882
8073
4382
7760
4006
8
4207
5217
4958
5638
3109
3106
8965
5970
6621
4038
1182
7655
3498
836
7516
1707
8429
1513
1087
5233
5716
134
9734
436
2719
7679
2043
6807
8455
4691
5478
2518
3240
3584
7941
9875
9616
3464
5671
369
7768
8025
8845
1412
5818
2539
1551
3255
5675
6165
2615
8546
809
5317
9376
7670
5468
715
2575
7784
9853
2746
1907
8872
8048
3024
3571
3335
1312
4344
2244
9463
8217
4495
4432
1635
7355
3406
4056
8268
3984
5096
3450
3455
7864
8723
1814
7415
6112
3930
2118
6174
1950
2559
7625
6213
7554
1736
3546
6082
7763
2202
5149
8452
8273
2141
8153
5812
1081
6108
8560
1872
5813
6305
8755
4767
8588
2987
7118
8575
3008
7585
9673
6635
9007
1054
4204
7028
4901
7977
3624
4193
907
4358
1535
7381
5306
9251
2544
6222
4175
6809
6266
4746
2497
4282
5661
556
3909
7276
6447
3660
5332
5857
4292
2711
5052
5664
5204
5519
9722
9662
4606
7351
2380
827
8650
4088
2471
1657
6141
4785
4115
4699
3958
1489
9071
3201
9003
4189
7462
6064
6146
7755
7866
7699
3431
4935
4459
2138
8894
261
3482
3492
7226
5851
3283
2914
2242
6989
3420
6503
6980
5062
2134
5257
613
3501
7003
9069
1843
2175
8889
1478
1871
6105
3476
8884
355
4274
3399
6971
4817
5611
5331
5226
3160
9736
23
1254
3075
1180
5399
7081
1762
6761
1232
5314
6261
9433
3773
8866
7850
5778
2349
5221
8210
6282
5842
1662
1858
2272
728
550
278
4895
7116
3998
3236
8630
6402
232
8140
2378
5171
978
6523
8386
1485
4424
1658
6508
7992
7780
3861
7197
5649
3267
2209
5358
6482
1524
1324
2922
4179
7353
321
8053
8974
904
2000
2428
3165
9812
9492
4674
6370
8971
6551
3142
58
5474
9407
723
6779
1058
42
4812
5135
6449
1822
424
6204
7183
5261
667
1048
4671
3080
4969
2901
575
4448
2473
754
5249
8881
7962
5044
4130
5855
3979
6092
2236
4014
3756
8938
9818
5984
6811
6086
9634
3071
9055
4991
1147
476
8204
322
7936
1085
5058
8577
679
2152
7612
8553
154
7319
1169
7490
3336
9506
9494
3562
6794
5963
6196
9606
160
6061
1763
1919
8190
2678
204
8471
1771
4931
166
6252
6666
3438
8099
2563
6238
2290
6622
4461
7344
1973
9666
1502
2176
5927
3880
2643
7363
7122
8344
1807
9091
4752
8376
6722
8647
5987
8987
7893
7766
7273
1398
2108
6690
2273
7256
8717
3676
6863
259
2825
115
9117
9452
6223
9647
1517
518
5969
8864
2402
3196
3913
1565
3232
6888
8626
7371
4472
4628
6819
2519
9253
8848
8441
3440
3957
5449
3834
3486
7128
7542
2761
5695
4145
5400
8077
4372
3764
7413
6731
9282
8446
2259
7757
3122
1185
4369
6744
1671
9749
1987
9178
6036
6778
8751
7365
9868
8597
7708
4552
5418
9255
6221
7548
8915
2322
6118
2931
2647
6660
9321
8849
9414
6922
7719
1889
327
4081
2063
4843
5700
2157
3365
2960
9711
6616
4661
922
8649
5139
2127
6624
4419
2989
1111
5169
7656
8508
6966
2346
2849
4003
5894
5808
3870
4668
4248
7557
8423
8354
8851
1231
159
465
1796
1790
4713
5762
7602
9560
6975
2813
6848
3494
3307
5824
1520
8279
785
6798
4411
31
8054
4724
2088
8408
4589
333
6396
6081
608
4416
7484
3333
18
4309
5041
7738
7913
1093
3642
7063
6324
8682
2222
8991
3013
9563
3312
9059
2418
5827
7467
8424
6688
3825
6672
62
1959
3192
4375
7743
2198
9601
4456
6828
8431
3344
5025
5031
2396
7200
4967
6649
5253
7951
1564
7451
7397
9867
8558
9044
2657
7972
6466
3910
452
1584
1011
4612
9040
386
6880
2814
3917
6964
5811
6558
5082
7148
2795
3879
3907
953
1056
8101
3448
1615
76
5533
7066
7937
1311
432
2109
7286
8978
6437
4272
2684
5753
2520
4951
1022
295
6477
3955
1543
6699
363
8518
3135
7271
9079
833
7620
9011
5145
7167
8644
8089
6815
1441
1767
4845
6009
7082
1192
8774
1196
9392
1281
5196
6765
3782
1337
8599
8962
794
5945
2183
1217
7502
7204
6524
6242
1610
5752
4926
829
5929
9710
2578
7430
4091
5887
5349
5492
4518
8629
6414
1479
5723
4854
3575
2633
2753
4758
5368
4943
2335
2068
8895
5507
4350
8570
4588
1825
9698
746
4235
6183
7021
3713
2940
7203
6214
3276
5902
1446
4308
3536
6990
7144
7302
93
4614
3981
5015
8681
9658
258
942
1724
2896
835
1503
4066
8250
1183
5666
2617
9676
4129
3992
8589
9083
6084
7401
9871
1418
2858
8014
9200
2623
918
2077
9413
1956
8166
8768
7600
5187
5825
7776
2184
213
3644
2401
7715
490
764
5471
3672
8351
9764
2100
7240
6273
1278
4570
3237
4403
4107
4264
8451
2740
260
8735
1314
9879
5438
5721
4596
1154
2481
2807
864
1541
811
5453
8407
448
1041
8058
121
8029
6171
9758
4474
1148
5503
3608
7084
8078
2447
7614
3157
6234
8080
3911
1764
2921
6016
5323
7770
5017
5075
5597
8296
393
2515
9319
2332
2811
7915
9093
3841
2064
7209
5208
1627
3363
810
5463
8145
5523
8969
3576
2936
9285
8806
3443
7922
1918
4801
4243
2871
1660
302
6729
5918
871
1423
9323
9521
680
625
4002
8607
9264
9485
4964
6707
9748
6856
5287
7088
9261
205
8951
1514
3748
3150
8173
1390
5203
3973
4247
8917
3803
7346
7551
3320
6028
4962
5689
7820
9503
7287
8551
4903
6712
6147
1981
1460
8091
616
5371
4916
9530
8817
5312
5109
5883
1104
6538
5940
2392
5731
4047
7219
1656
482
9009
5033
231
5621
1777
3206
3500
5724
8469
8349
3789
1890
8515
4563
3617
9895
8902
5641
2220
1401
2979
1221
9204
8381
7685
701
4211
647
79
1310
114
5674
2229
1124
517
5333
3755
5320
1151
7482
7078
9626
7042
7558
7389
1537
5415
7198
957
9483
6777
3031
3533
2106
1258
1076
5028
8074
8749
8869
218
602
7100
9268
6431
8082
2383
6327
5288
8106
1465
5120
2650
6089
4468
3950
4525
6940
2340
3433
2013
364
9668
2806
8595
7773
7432
9094
4616
1562
6555
4660
7822
5568
2
1934
300
4306
3743
2757
8118
6987
9048
6696
9280
6992
3649
7645
5055
5979
9434
2906
8960
1749
2468
252
4745
9518
2128
669
5795
1853
9023
1028
8358
1143
4608
4092
3493
4649
4267
2841
5546
5735
8477
6823
6360
8282
8920
6169
3346
7497
3699
5571
7731
9147
2376
2474
1074
7613
7117
3086
736
6120
3940
4165
6115
7957
6886
6354
3289
7958
7991
7621
