2345
1306
6034
3258
3254
4836
5425
4011
1464
2944
3317
988
4075
9567
1847
7973
2716
4910
5192
5992
6301
4216
694
5165
402
1590
1983
3729
9288
4890
3845
6924
7855
8023
8719
2360
9753
2925
8945
9772
5289
3657
677
1019
5243
2114
8673
1809
5623
9019
6582
4937
4493
1227
5545
4537
9017
8370
5805
4510
1788
5080
1682
3898
35
6760
5754
8075
9584
3610
2394
61
8919
5989
7357
7898
9115
8841
634
9820
6337
8617
4366
3480
3634
5742
5013
439
5914
1582
9533
9534
304
4560
6346
5003
4184
2883
5647
742
9236
8789
1032
5328
